1437 -609 -1486
1450 -604 -1462
1453 -602 -1457
1456 -594 -1458
1460 -590 -1452
1462 -578 -1450
1464 -574 -1439
1466 -570 -1438
1465 -562 -1434
1472 -550 -1441
1467 -540 -1434
1468 -533 -1429
1473 -521 -1433
1468 -503 -1438
1471 -502 -1420
1466 -496 -1411
1469 -489 -1412
1467 -471 -1411
1465 -459 -1412
1462 -446 -1395
1458 -433 -1408
1452 -410 -1408
1450 -405 -1413
1442 -392 -1401
1438 -381 -1392
1431 -363 -1397
1431 -356 -1389
1427 -351 -1393
1421 -342 -1403
1410 -326 -1400
1406 -320 -1405
1396 -307 -1395
1392 -297 -1395
1378 -281 -1389
1368 -276 -1389
1358 -268 -1393
1350 -257 -1389
1330 -244 -1394
1319 -235 -1394
1310 -234 -1410
1305 -229 -1400
1295 -219 -1412
1287 -218 -1404
1279 -213 -1417
1271 -215 -1423
1245 -197 -1419
1237 -200 -1416
1226 -197 -1435
1221 -199 -1428
1217 -192 -1439
1205 -189 -1435
1199 -185 -1438
1192 -190 -1442
1183 -184 -1442
1175 -184 -1431
1173 -184 -1446
1169 -175 -1438
1165 -187 -1444
1162 -185 -1443
1167 -184 -1448
1172 -184 -1452
1177 -188 -1440
1177 -186 -1436
1175 -185 -1462
1184 -185 -1446
1185 -180 -1423
1188 -177 -1417
1186 -172 -1398
1191 -172 -1408
1198 -168 -1390
1203 -170 -1383
1207 -171 -1377
1217 -167 -1366
1223 -165 -1351
1226 -163 -1345
1232 -161 -1328
1231 -159 -1315
1240 -155 -1292
1238 -158 -1286
1243 -157 -1274
1248 -159 -1249
1255 -160 -1229
1259 -166 -1209
1267 -167 -1203
1268 -171 -1189
1274 -182 -1145
1275 -185 -1149
1284 -191 -1127
1299 -212 -1093
1305 -221 -1081
1311 -233 -1063
1324 -245 -1057
1341 -274 -1030
1347 -287 -1025
1353 -299 -1024
1360 -309 -1027
1376 -326 -1020
1377 -334 -1020
1385 -338 -1021
1394 -345 -1029
1410 -357 -1037
1411 -360 -1021
1416 -369 -1027
1423 -372 -1031
1434 -382 -1042
1438 -394 -1050
1446 -400 -1040
1458 -415 -1035
1476 -441 -1042
1487 -454 -1049
1494 -468 -1046
1502 -484 -1072
1512 -507 -1091
1517 -517 -1096
1522 -527 -1095
1527 -543 -1112
1534 -570 -1115
1535 -581 -1126
1536 -593 -1136
1543 -606 -1148
1542 -630 -1175
1539 -645 -1175
1537 -664 -1184
1540 -679 -1188
1534 -694 -1205
1533 -700 -1207
1529 -710 -1217
1530 -717 -1241
1517 -735 -1252
1512 -741 -1266
1508 -744 -1267
1506 -752 -1285
1492 -758 -1298
1493 -767 -1303
1485 -780 -1316
1483 -791 -1329
1461 -815 -1348
1458 -826 -1334
1452 -834 -1328
1443 -842 -1342
1432 -852 -1355
1433 -858 -1369
1427 -861 -1369
1419 -871 -1378
1405 -881 -1363
1399 -891 -1361
1389 -899 -1363
1385 -914 -1338
1368 -932 -1306
1361 -941 -1277
1352 -950 -1259
1348 -961 -1223
1337 -964 -1191
1338 -965 -1169
1333 -967 -1181
1329 -973 -1186
1312 -973 -1198
1312 -974 -1194
1312 -974 -1208
1314 -973 -1212
1325 -967 -1207
1332 -969 -1214
1332 -962 -1200
1339 -963 -1195
1341 -960 -1176
1342 -953 -1172
1344 -955 -1164
1348 -949 -1154
1353 -943 -1131
1357 -939 -1135
1366 -938 -1118
1368 -928 -1119
1391 -915 -1109
1398 -909 -1116
1404 -900 -1118
1410 -893 -1112
1421 -880 -1116
1432 -872 -1111
1439 -870 -1134
1441 -859 -1135
1450 -847 -1141
1461 -841 -1144
1472 -827 -1146
1488 -804 -1150
1494 -793 -1162
1496 -785 -1153
1510 -769 -1183
1525 -736 -1177
1530 -722 -1184
1532 -713 -1203
1535 -698 -1209
1540 -669 -1222
1543 -656 -1226
1537 -645 -1237
1540 -628 -1238
1540 -611 -1263
1540 -598 -1256
1543 -585 -1262
1537 -567 -1256
1536 -554 -1284
1534 -544 -1292
1531 -531 -1293
1532 -526 -1301
1524 -507 -1308
1517 -500 -1311
1511 -488 -1321
1510 -481 -1325
1502 -472 -1329
1503 -463 -1348
1498 -456 -1356
1485 -444 -1350
1481 -434 -1362
1481 -433 -1359
1480 -428 -1362
1474 -422 -1375
1466 -412 -1382
1465 -409 -1389
1461 -404 -1394
1456 -398 -1381
1452 -398 -1393
1451 -395 -1384
1442 -392 -1399
1437 -382 -1413
1425 -372 -1410
1422 -367 -1412
1417 -365 -1411
1415 -363 -1420
1405 -351 -1422
1399 -348 -1420
1396 -346 -1429
1390 -343 -1428
1379 -335 -1435
1373 -331 -1451
1371 -332 -1441
1361 -326 -1445
1357 -314 -1436
1351 -302 -1429
1347 -301 -1433
1341 -293 -1422
1334 -282 -1418
1332 -269 -1422
1332 -270 -1416
1328 -257 -1402
1315 -237 -1386
1309 -232 -1369
1304 -221 -1365
1304 -216 -1349
1298 -205 -1334
1293 -198 -1313
1291 -194 -1305
1287 -190 -1303
1291 -189 -1269
1289 -188 -1259
1289 -185 -1239
1294 -185 -1240
1291 -182 -1224
1282 -178 -1214
1286 -189 -1201
1287 -184 -1196
1302 -193 -1180
1310 -197 -1173
1321 -206 -1158
1330 -215 -1153
1351 -236 -1136
1362 -243 -1147
1374 -256 -1148
1393 -265 -1148
1417 -289 -1157
1427 -300 -1163
1437 -310 -1163
1446 -321 -1183
1462 -353 -1216
1473 -368 -1219
1480 -386 -1247
1489 -404 -1239
1494 -430 -1269
1500 -442 -1283
1504 -457 -1285
1503 -472 -1298
1504 -508 -1323
1510 -525 -1331
1504 -535 -1337
1504 -565 -1351
1501 -580 -1357
1499 -594 -1360
1492 -610 -1385
1477 -642 -1405
1469 -663 -1407
1463 -685 -1415
1455 -701 -1426
1444 -734 -1421
1439 -746 -1428
1433 -760 -1418
1432 -768 -1411
1431 -790 -1419
1434 -796 -1411
1431 -802 -1393
1432 -806 -1402
1426 -808 -1394
1434 -807 -1387
1438 -807 -1388
1443 -804 -1377
1446 -804 -1369
1453 -797 -1357
1455 -793 -1341
1461 -785 -1345
1474 -778 -1340
1479 -768 -1339
1481 -757 -1338
1484 -748 -1338
1491 -720 -1324
1499 -711 -1327
1500 -697 -1341
1498 -687 -1329
1509 -664 -1341
1510 -656 -1337
1514 -653 -1346
1509 -644 -1329
1516 -635 -1330
1521 -632 -1331
1521 -624 -1330
1518 -614 -1336
1522 -594 -1332
1528 -590 -1321
1525 -582 -1327
1525 -573 -1322
1524 -559 -1318
1526 -553 -1315
1529 -546 -1311
1525 -540 -1311
1526 -530 -1313
1528 -527 -1301
1522 -524 -1297
1523 -522 -1300
1527 -514 -1301
1530 -507 -1302
1525 -496 -1292
1525 -494 -1285
1523 -493 -1297
1528 -492 -1296
1527 -499 -1307
1527 -496 -1299
1526 -493 -1314
1525 -493 -1304
1525 -492 -1295
1525 -487 -1301
1528 -489 -1302
1523 -483 -1293
1520 -479 -1294
1523 -475 -1305
1515 -468 -1314
1514 -459 -1316
1514 -454 -1315
1517 -465 -1327
1517 -463 -1321
1518 -470 -1326
1513 -472 -1318
1516 -471 -1318
1512 -476 -1309
1515 -474 -1319
1516 -480 -1321
1521 -484 -1312
1516 -496 -1312
1516 -505 -1326
1519 -506 -1318
1516 -508 -1332
1524 -520 -1319
1520 -525 -1326
1521 -529 -1330
1518 -529 -1319
1522 -543 -1322
1522 -549 -1325
1524 -553 -1326
1526 -555 -1323
1527 -556 -1324
1528 -558 -1316
1528 -563 -1316
1531 -569 -1319
1523 -571 -1326
1527 -563 -1306
1530 -562 -1310
1529 -556 -1291
1530 -552 -1295
1528 -551 -1291
1532 -548 -1274
1535 -546 -1281
1533 -541 -1282
1526 -534 -1283
1527 -534 -1281
1526 -518 -1263
1525 -507 -1269
1525 -497 -1286
1527 -489 -1277
1521 -479 -1268
1523 -471 -1262
1522 -466 -1250
1519 -463 -1259
1517 -449 -1257
1515 -442 -1256
1509 -436 -1255
1507 -426 -1242
1499 -400 -1249
1491 -386 -1239
1488 -381 -1239
1482 -365 -1245
1467 -348 -1236
1454 -333 -1230
1454 -318 -1226
1445 -309 -1218
1414 -274 -1214
1402 -258 -1233
1383 -246 -1231
1376 -241 -1246
1356 -223 -1244
1346 -217 -1255
1337 -207 -1248
1326 -203 -1253
1309 -195 -1265
1306 -191 -1272
1298 -190 -1284
1289 -183 -1282
1276 -181 -1295
1271 -183 -1309
1267 -179 -1315
1257 -175 -1313
1245 -172 -1323
1235 -166 -1326
1232 -170 -1334
1224 -168 -1336
1220 -170 -1367
1215 -170 -1369
1212 -172 -1374
1209 -173 -1403
1202 -174 -1405
1194 -177 -1419
1192 -175 -1420
1185 -178 -1423
1173 -180 -1441
1172 -187 -1453
1168 -187 -1470
1164 -189 -1465
1160 -200 -1490
1157 -197 -1490
1155 -203 -1499
1148 -201 -1502
1136 -206 -1504
1130 -208 -1518
1123 -206 -1522
1124 -212 -1525
1120 -222 -1544
1117 -229 -1551
1116 -234 -1547
1115 -237 -1556
1102 -248 -1568
1105 -251 -1575
1102 -253 -1566
1101 -262 -1575
1113 -269 -1593
1109 -271 -1588
1116 -276 -1583
1119 -272 -1587
1133 -274 -1587
1138 -278 -1589
1158 -274 -1564
1162 -272 -1566
1200 -290 -1586
1221 -302 -1559
1238 -309 -1566
1252 -307 -1565
1271 -297 -1542
1280 -298 -1541
1289 -295 -1530
1296 -292 -1528
1318 -302 -1508
1327 -308 -1512
1331 -312 -1503
1349 -320 -1488
1351 -321 -1484
1358 -320 -1480
1368 -330 -1468
1389 -349 -1462
1401 -361 -1448
1409 -370 -1444
1418 -384 -1453
1438 -412 -1441
1447 -440 -1444
1455 -461 -1429
1465 -472 -1436
1469 -489 -1423
1480 -502 -1406
1477 -510 -1401
1485 -521 -1399
1489 -546 -1390
1489 -560 -1393
1500 -569 -1379
1499 -577 -1372
1503 -594 -1367
1506 -600 -1356
1503 -607 -1360
1509 -620 -1363
1511 -631 -1347
1505 -642 -1355
1506 -651 -1347
1505 -662 -1348
1496 -689 -1348
1497 -702 -1342
1496 -714 -1343
1489 -728 -1332
1480 -763 -1325
1475 -775 -1332
1467 -789 -1330
1463 -799 -1327
1457 -814 -1333
1455 -819 -1319
1452 -828 -1309
1446 -839 -1304
1433 -866 -1293
1421 -877 -1290
1408 -883 -1276
1406 -895 -1282
1398 -906 -1262
1391 -910 -1262
1385 -915 -1256
1382 -923 -1248
1356 -942 -1234
1350 -949 -1231
1343 -950 -1235
1336 -955 -1224
1325 -957 -1227
1325 -958 -1230
1323 -961 -1232
1322 -961 -1238
1323 -968 -1233
1325 -969 -1247
1322 -967 -1242
1320 -970 -1239
1311 -968 -1244
1302 -976 -1230
1291 -980 -1235
1285 -987 -1239
1267 -999 -1242
1257 -1005 -1241
1249 -1010 -1249
1240 -1011 -1238
1225 -1020 -1243
1216 -1023 -1240
1205 -1029 -1239
1191 -1040 -1222
1179 -1042 -1219
1171 -1047 -1217
1164 -1047 -1203
1156 -1052 -1198
1152 -1052 -1190
1151 -1052 -1179
1143 -1061 -1171
1136 -1067 -1163
1129 -1065 -1159
1127 -1066 -1151
1123 -1065 -1160
1116 -1064 -1140
1115 -1061 -1144
1112 -1055 -1130
1117 -1061 -1130
1107 -1060 -1115
1109 -1060 -1120
1107 -1058 -1125
1107 -1051 -1113
1108 -1047 -1107
1110 -1048 -1099
1102 -1044 -1113
1108 -1043 -1107
1111 -1046 -1112
1113 -1048 -1128
1113 -1046 -1126
1123 -1051 -1130
1143 -1050 -1142
1146 -1059 -1149
1155 -1059 -1161
1158 -1059 -1166
1172 -1065 -1177
1180 -1065 -1179
1193 -1070 -1197
1200 -1066 -1208
1216 -1057 -1236
1228 -1046 -1260
1229 -1048 -1260
1232 -1038 -1267
1251 -1025 -1281
1256 -1014 -1294
1262 -1006 -1299
1272 -995 -1296
1285 -980 -1311
1288 -978 -1316
1296 -970 -1318
1300 -960 -1316
1310 -949 -1316
1316 -941 -1330
1324 -931 -1329
1333 -927 -1341
1348 -901 -1356
1358 -890 -1359
1362 -877 -1361
1372 -866 -1373
1385 -846 -1394
1398 -837 -1391
1407 -826 -1388
1411 -808 -1397
1427 -776 -1401
1432 -759 -1406
1447 -741 -1396
1457 -729 -1405
1466 -693 -1407
1474 -676 -1392
1477 -660 -1397
1485 -634 -1385
1490 -598 -1388
1491 -575 -1380
1495 -556 -1378
1491 -528 -1364
1494 -488 -1343
1492 -469 -1339
1487 -455 -1335
1488 -437 -1311
1487 -416 -1296
1486 -405 -1277
1481 -399 -1263
1481 -388 -1244
1476 -374 -1233
1475 -365 -1211
1472 -361 -1199
1467 -352 -1186
1460 -344 -1147
1455 -340 -1153
1450 -338 -1137
1443 -333 -1127
1431 -329 -1097
1429 -320 -1084
1425 -321 -1072
1413 -312 -1051
1402 -309 -1052
1397 -311 -1038
1387 -307 -1037
1369 -303 -1012
1357 -299 -1002
1349 -297 -985
1341 -297 -969
1326 -305 -962
1317 -310 -947
1309 -312 -943
1306 -319 -925
1294 -329 -913
1287 -334 -917
1284 -335 -895
1276 -346 -894
1271 -354 -884
1261 -362 -876
1261 -365 -868
1251 -374 -867
1240 -391 -854
1236 -400 -853
1236 -415 -842
1232 -423 -832
1227 -443 -823
1226 -453 -828
1223 -460 -823
1222 -466 -827
1211 -481 -807
1207 -492 -813
1203 -503 -807
1195 -513 -808
1198 -530 -795
1198 -539 -794
1197 -545 -795
1196 -556 -800
1205 -580 -798
1201 -587 -787
1205 -603 -801
1203 -617 -794
1206 -639 -796
1204 -652 -815
1204 -669 -808
1207 -688 -810
1201 -713 -811
1200 -718 -809
1194 -730 -816
1189 -747 -829
1181 -766 -821
1174 -776 -835
1162 -790 -840
1157 -801 -847
1141 -830 -855
1138 -836 -871
1142 -840 -871
1141 -850 -881
1144 -866 -897
1146 -873 -898
1152 -877 -894
1151 -884 -905
1154 -899 -908
1152 -911 -911
1147 -922 -931
1147 -937 -941
1147 -962 -981
1144 -970 -997
1141 -977 -1000
1138 -982 -1010
1134 -993 -1033
1126 -997 -1032
1122 -1002 -1049
1112 -1007 -1087
1108 -1011 -1085
1106 -1019 -1099
1100 -1021 -1123
1089 -1026 -1131
1080 -1023 -1137
1078 -1030 -1140
1073 -1029 -1159
1065 -1027 -1188
1061 -1025 -1197
1057 -1022 -1206
1053 -1028 -1211
1047 -1026 -1235
1043 -1029 -1241
1044 -1029 -1253
1039 -1029 -1263
1027 -1027 -1277
1023 -1022 -1278
1020 -1021 -1300
1015 -1021 -1298
1006 -1017 -1325
1000 -1015 -1336
988 -1013 -1335
985 -1008 -1346
973 -1002 -1372
970 -996 -1381
970 -991 -1378
965 -990 -1396
950 -983 -1413
949 -975 -1413
948 -969 -1417
943 -969 -1442
939 -952 -1444
941 -954 -1448
939 -949 -1454
946 -951 -1437
947 -953 -1434
948 -958 -1422
957 -963 -1418
957 -960 -1419
962 -968 -1394
960 -970 -1396
965 -970 -1392
965 -976 -1374
961 -975 -1371
961 -975 -1367
960 -980 -1360
961 -983 -1350
961 -991 -1332
959 -995 -1322
960 -994 -1309
962 -996 -1293
960 -1002 -1284
962 -1001 -1272
962 -1003 -1256
963 -1000 -1251
972 -1006 -1222
973 -1002 -1220
980 -1004 -1197
988 -1006 -1164
996 -1002 -1156
1001 -1000 -1164
1002 -995 -1135
1008 -998 -1128
1018 -993 -1092
1032 -986 -1097
1037 -988 -1079
1044 -987 -1070
1067 -974 -1041
1071 -971 -1022
1085 -965 -1020
1094 -961 -1001
1113 -947 -1003
1118 -948 -992
1135 -947 -971
1146 -943 -960
1164 -921 -943
1171 -911 -935
1182 -901 -928
1197 -897 -913
1211 -871 -903
1220 -861 -893
1224 -845 -881
1228 -834 -873
1245 -805 -858
1255 -796 -862
1264 -784 -858
1270 -767 -854
1287 -740 -846
1291 -727 -839
1297 -711 -834
1307 -686 -828
1313 -674 -840
1316 -670 -834
1312 -652 -826
1313 -633 -807
1302 -623 -823
1301 -617 -823
1301 -610 -820
1305 -600 -808
1308 -591 -825
1309 -586 -813
1309 -575 -809
1310 -560 -815
1319 -561 -812
1318 -555 -814
1328 -548 -833
1327 -527 -832
1324 -513 -830
1321 -489 -834
1318 -477 -838
1313 -448 -838
1311 -437 -845
1305 -422 -847
1302 -410 -853
1294 -382 -859
1289 -370 -855
1289 -356 -876
1289 -344 -878
1290 -321 -902
1296 -313 -917
1302 -311 -910
1306 -309 -915
1312 -300 -933
1309 -298 -937
1311 -298 -928
1320 -295 -941
1324 -292 -952
1329 -299 -958
1334 -296 -958
1342 -297 -967
1337 -292 -967
1342 -292 -972
1340 -287 -980
1339 -279 -963
1333 -276 -985
1331 -264 -994
1335 -265 -998
1329 -256 -996
1335 -246 -1027
1332 -240 -1035
1331 -230 -1043
1331 -227 -1059
1324 -211 -1081
1324 -204 -1087
1321 -201 -1097
1320 -196 -1113
1313 -192 -1135
1315 -192 -1156
1315 -189 -1171
1307 -180 -1184
1300 -176 -1220
1294 -175 -1228
1290 -170 -1235
1284 -169 -1252
1272 -166 -1265
1264 -162 -1274
1255 -156 -1285
1254 -160 -1300
1247 -167 -1306
1244 -163 -1319
1242 -164 -1322
1233 -167 -1324
1226 -165 -1330
1225 -164 -1353
1216 -165 -1352
1213 -167 -1361
1210 -170 -1372
1214 -178 -1378
1214 -181 -1382
1221 -185 -1386
1223 -188 -1395
1230 -194 -1398
1234 -196 -1417
1237 -203 -1410
1252 -220 -1428
1257 -231 -1445
1262 -244 -1441
1266 -249 -1459
1272 -265 -1481
1275 -278 -1478
1276 -282 -1484
1274 -294 -1495
1269 -307 -1508
1264 -315 -1522
1262 -322 -1526
1256 -332 -1537
1254 -348 -1552
1251 -351 -1559
1247 -358 -1573
1237 -365 -1574
1228 -366 -1589
1222 -369 -1588
1218 -377 -1593
1212 -384 -1605
1211 -386 -1614
1205 -396 -1613
1203 -403 -1619
1190 -422 -1627
1188 -425 -1638
1181 -438 -1642
1181 -448 -1642
1179 -468 -1655
1183 -479 -1646
1186 -490 -1655
1185 -500 -1664
1186 -521 -1657
1184 -532 -1651
1181 -540 -1660
1180 -552 -1662
1181 -567 -1656
1185 -576 -1667
1183 -583 -1664
1182 -590 -1658
1186 -609 -1652
1192 -615 -1645
1197 -624 -1661
1194 -632 -1654
1200 -645 -1650
1200 -660 -1651
1202 -666 -1639
1199 -669 -1639
1201 -679 -1648
1197 -684 -1637
1201 -691 -1642
1200 -698 -1634
1205 -711 -1639
1206 -718 -1628
1209 -725 -1616
1204 -735 -1623
1198 -746 -1614
1197 -749 -1616
1192 -750 -1609
1192 -753 -1616
1187 -764 -1609
1186 -766 -1602
1181 -777 -1604
1178 -776 -1612
1173 -783 -1614
1168 -785 -1618
1164 -787 -1618
1163 -792 -1610
1158 -794 -1606
1159 -795 -1605
1156 -794 -1611
1155 -792 -1612
1156 -786 -1616
1156 -785 -1613
1158 -786 -1602
1155 -778 -1622
1156 -777 -1620
1161 -769 -1631
1161 -767 -1618
1162 -765 -1617
1157 -754 -1625
1158 -747 -1637
1154 -735 -1634
1151 -726 -1638
1147 -705 -1642
1152 -697 -1649
1154 -690 -1655
1155 -680 -1653
1158 -662 -1661
1159 -648 -1668
1162 -641 -1663
1172 -628 -1664
1178 -607 -1667
1185 -588 -1664
1185 -573 -1669
1183 -559 -1651
1189 -529 -1650
1195 -514 -1641
1196 -495 -1636
1203 -482 -1640
1203 -453 -1635
1210 -435 -1621
1218 -427 -1624
1222 -415 -1619
1220 -383 -1598
1220 -373 -1587
1217 -355 -1589
1219 -344 -1572
1222 -319 -1550
1225 -311 -1550
1227 -300 -1533
1236 -282 -1521
1231 -270 -1508
1231 -264 -1492
1228 -251 -1496
1227 -232 -1473
1224 -224 -1466
1229 -217 -1448
1221 -212 -1443
1227 -201 -1420
1236 -191 -1416
1236 -186 -1412
1241 -187 -1389
1240 -175 -1370
1243 -171 -1355
1244 -167 -1349
1241 -161 -1339
1242 -157 -1309
1241 -150 -1298
1237 -147 -1289
1236 -144 -1270
1237 -144 -1248
1237 -137 -1236
1236 -135 -1232
1234 -137 -1210
1233 -136 -1180
1221 -136 -1161
1217 -139 -1150
1210 -142 -1136
1205 -146 -1112
1202 -152 -1094
1209 -156 -1071
1206 -166 -1057
1211 -183 -1020
1210 -186 -1016
1208 -196 -996
1210 -206 -992
1206 -229 -955
1201 -238 -949
1200 -247 -936
1200 -255 -923
1199 -282 -915
1201 -295 -908
1205 -312 -890
1200 -328 -863
1200 -364 -856
1202 -382 -840
1204 -395 -841
1198 -408 -832
1197 -434 -817
1198 -453 -816
1198 -465 -816
1199 -486 -811
1203 -517 -820
1204 -526 -811
1208 -540 -808
1212 -550 -803
1215 -571 -808
1222 -588 -810
1219 -599 -798
1215 -614 -812
1225 -635 -793
1221 -644 -808
1227 -659 -811
1225 -669 -810
1229 -690 -821
1230 -700 -817
1234 -709 -818
1244 -719 -828
1245 -740 -832
1243 -747 -837
1253 -759 -848
1256 -765 -842
1259 -784 -855
1266 -797 -869
1269 -800 -869
1277 -808 -867
1280 -826 -902
1283 -836 -892
1284 -846 -904
1289 -852 -901
1298 -871 -937
1297 -880 -936
1298 -885 -938
1297 -893 -950
1297 -902 -962
1300 -907 -971
1298 -910 -965
1301 -915 -967
1304 -925 -965
1306 -927 -979
1307 -931 -976
1303 -934 -988
1308 -939 -996
1309 -941 -987
1314 -946 -1000
1317 -951 -992
1321 -949 -1005
1324 -952 -1008
1325 -956 -1003
1328 -963 -1010
1333 -964 -1004
1335 -965 -1016
1340 -967 -1011
1343 -973 -1030
1349 -972 -1012
1346 -975 -1032
1349 -976 -1026
1358 -976 -1024
1356 -975 -1030
1359 -978 -1029
1358 -976 -1028
1353 -974 -1032
1353 -975 -1040
1348 -967 -1009
1344 -971 -1022
1335 -962 -1016
1332 -957 -1005
1324 -947 -995
1325 -946 -987
1317 -937 -970
1312 -930 -974
1309 -921 -974
1304 -913 -969
1304 -905 -944
1299 -894 -955
1300 -888 -939
1301 -876 -927
1300 -849 -909
1305 -841 -904
1304 -828 -885
1301 -809 -876
1301 -783 -862
1302 -765 -848
1303 -753 -846
1307 -738 -854
1305 -703 -826
1308 -685 -821
1305 -667 -825
1309 -642 -821
1310 -605 -814
1314 -588 -821
1311 -565 -830
1315 -539 -835
1321 -497 -829
1321 -476 -836
1323 -454 -842
1334 -436 -859
1338 -400 -876
1344 -382 -892
1344 -365 -907
1346 -351 -924
1358 -322 -952
1358 -311 -960
1361 -299 -978
1363 -294 -991
1374 -280 -1025
1377 -279 -1045
1381 -277 -1052
1383 -267 -1066
1390 -263 -1087
1391 -264 -1090
1392 -266 -1082
1393 -266 -1075
1393 -272 -1065
1398 -273 -1061
1396 -272 -1063
1393 -282 -1046
1391 -289 -1029
1390 -291 -1024
1389 -301 -1006
1391 -307 -1007
1394 -327 -986
1391 -334 -975
1390 -346 -965
1387 -354 -951
1390 -385 -925
1392 -403 -931
1393 -418 -915
1399 -431 -924
1400 -463 -902
1403 -478 -900
1404 -496 -893
1401 -512 -898
1400 -537 -881
1401 -553 -889
1399 -565 -887
1399 -584 -891
1398 -612 -885
1400 -626 -885
1398 -637 -880
1400 -651 -882
1399 -668 -896
1400 -682 -895
1402 -691 -883
1394 -708 -895
1391 -721 -894
1392 -732 -892
1381 -736 -895
1383 -750 -890
1383 -759 -900
1375 -767 -898
1371 -777 -906
1369 -796 -903
1368 -803 -910
1365 -816 -920
1359 -824 -923
1351 -849 -935
1352 -856 -948
1346 -865 -944
1349 -874 -964
1342 -895 -971
1336 -906 -990
1331 -923 -989
1324 -923 -1012
1319 -942 -1018
1316 -949 -1034
1311 -955 -1050
1306 -964 -1055
1296 -985 -1078
1290 -987 -1082
1284 -994 -1089
1284 -1001 -1111
1277 -1005 -1138
1276 -1009 -1136
1269 -1011 -1141
1267 -1014 -1145
1261 -1016 -1153
1256 -1016 -1157
1251 -1014 -1141
1247 -1016 -1166
1242 -1021 -1167
1235 -1021 -1160
1233 -1019 -1154
1237 -1019 -1156
1229 -1016 -1173
1228 -1019 -1174
1226 -1022 -1174
1221 -1024 -1175
1218 -1022 -1177
1218 -1019 -1176
1218 -1015 -1167
1225 -1018 -1166
1233 -1014 -1144
1236 -1013 -1137
1243 -1011 -1114
1247 -1006 -1112
1253 -995 -1067
1263 -980 -1033
1265 -963 -1010
1275 -947 -993
1286 -903 -938
1288 -882 -911
1287 -852 -894
1282 -824 -868
1283 -768 -847
1281 -740 -831
1282 -715 -824
1279 -686 -813
1275 -626 -797
1278 -598 -807
1274 -566 -798
1268 -506 -808
1267 -479 -810
1267 -455 -813
1261 -434 -817
1254 -392 -837
1248 -370 -848
1244 -346 -861
1242 -327 -873
1245 -304 -884
1242 -296 -895
1247 -283 -899
1249 -274 -903
1253 -259 -924
1253 -246 -943
1253 -242 -948
1250 -233 -952
1251 -220 -991
1248 -214 -980
1255 -210 -1004
1254 -200 -1013
1255 -182 -1043
1258 -178 -1050
1262 -169 -1071
1263 -169 -1093
1263 -162 -1112
1263 -161 -1136
1267 -157 -1135
1272 -155 -1142
1276 -159 -1162
1277 -158 -1173
1282 -160 -1189
1287 -163 -1204
1289 -169 -1203
1295 -168 -1225
1290 -166 -1231
1298 -172 -1237
1300 -173 -1260
1301 -172 -1253
1302 -174 -1265
1301 -176 -1260
1300 -180 -1290
1297 -180 -1288
1299 -186 -1299
1297 -185 -1305
1294 -186 -1320
1302 -192 -1327
1302 -194 -1339
1302 -200 -1346
1300 -209 -1348
1302 -212 -1356
1303 -212 -1372
1300 -217 -1370
1299 -226 -1403
1299 -230 -1409
1301 -238 -1407
1298 -243 -1418
1298 -249 -1433
1297 -254 -1455
1300 -258 -1448
1295 -265 -1452
1295 -287 -1472
1297 -293 -1484
1303 -305 -1486
1300 -313 -1491
1300 -330 -1518
1301 -340 -1519
1300 -352 -1518
1298 -357 -1535
1294 -379 -1537
1295 -390 -1547
1301 -401 -1552
1294 -414 -1557
1295 -442 -1555
1294 -457 -1575
1301 -474 -1580
1302 -488 -1569
1315 -525 -1576
1315 -544 -1575
1313 -562 -1578
1315 -570 -1575
1318 -603 -1581
1314 -613 -1584
1315 -622 -1569
1310 -634 -1579
1312 -656 -1585
1310 -665 -1569
1306 -680 -1576
1307 -692 -1571
1301 -711 -1561
1304 -720 -1574
1305 -730 -1575
1301 -741 -1568
1295 -758 -1554
1300 -768 -1562
1292 -776 -1560
1293 -790 -1536
1291 -797 -1541
1287 -807 -1527
1292 -815 -1532
1287 -826 -1532
1283 -834 -1514
1284 -843 -1519
1284 -843 -1512
1289 -860 -1501
1286 -870 -1487
1285 -879 -1473
1282 -887 -1471
1278 -895 -1463
1283 -900 -1457
1277 -904 -1461
1276 -903 -1452
1278 -917 -1451
1271 -916 -1440
1271 -918 -1436
1270 -921 -1432
1270 -919 -1439
1267 -918 -1440
1267 -912 -1436
1265 -913 -1454
1271 -901 -1467
1271 -892 -1470
1272 -888 -1479
1275 -886 -1488
1282 -868 -1486
1283 -857 -1491
1284 -847 -1514
1289 -833 -1510
1296 -807 -1523
1299 -800 -1537
1306 -789 -1525
1303 -786 -1534
1314 -767 -1551
1322 -761 -1549
1320 -750 -1551
1323 -739 -1564
1327 -712 -1567
1327 -690 -1564
1322 -673 -1570
1327 -652 -1567
1327 -618 -1581
1327 -603 -1575
1324 -589 -1574
1330 -574 -1570
1332 -545 -1570
1331 -537 -1562
1332 -518 -1558
1332 -498 -1568
1335 -457 -1548
1335 -438 -1535
1329 -417 -1541
1329 -406 -1522
1329 -384 -1515
1329 -376 -1515
1333 -367 -1505
1337 -355 -1498
1332 -325 -1472
1335 -313 -1453
1337 -302 -1459
1335 -295 -1436
1328 -276 -1427
1331 -272 -1406
1337 -267 -1411
1333 -259 -1399
1333 -247 -1371
1332 -243 -1370
1333 -235 -1354
1335 -232 -1328
1343 -230 -1315
1347 -222 -1308
1346 -220 -1295
1343 -221 -1286
1345 -218 -1267
1347 -218 -1264
1349 -217 -1262
1349 -219 -1249
1348 -222 -1235
1348 -220 -1241
1347 -215 -1224
1349 -216 -1234
1352 -212 -1233
1349 -217 -1236
1349 -217 -1237
1351 -214 -1246
1341 -214 -1267
1338 -211 -1270
1334 -207 -1285
1325 -210 -1287
1322 -216 -1326
1317 -216 -1340
1315 -216 -1359
1304 -218 -1366
1286 -217 -1390
1279 -216 -1399
1275 -226 -1404
1270 -229 -1430
1259 -238 -1440
1255 -235 -1447
1247 -246 -1462
1245 -265 -1490
1250 -275 -1491
1247 -278 -1500
1242 -282 -1503
1227 -295 -1527
1221 -299 -1529
1214 -309 -1542
1213 -326 -1551
1211 -356 -1567
1210 -364 -1574
1208 -376 -1585
1211 -378 -1581
1205 -402 -1599
1208 -410 -1608
1201 -419 -1608
1196 -428 -1623
1185 -445 -1630
1178 -452 -1634
1168 -459 -1641
1162 -464 -1638
1146 -477 -1650
1139 -490 -1661
1129 -492 -1655
1127 -501 -1674
1118 -517 -1660
1113 -531 -1670
1108 -540 -1674
1107 -553 -1672
1092 -575 -1684
1091 -585 -1687
1090 -596 -1696
1097 -607 -1689
1093 -625 -1681
1092 -634 -1680
1092 -645 -1675
1092 -657 -1670
1091 -669 -1674
1084 -680 -1670
1085 -680 -1678
1086 -687 -1667
1076 -697 -1660
1079 -703 -1657
1077 -707 -1670
1076 -713 -1648
1072 -715 -1659
1075 -711 -1654
1076 -704 -1657
1075 -702 -1664
1072 -681 -1666
1068 -671 -1677
1064 -664 -1671
1065 -658 -1678
1062 -638 -1683
1064 -627 -1688
1069 -619 -1676
1077 -610 -1683
1085 -580 -1680
1085 -554 -1691
1087 -542 -1681
1078 -521 -1669
1077 -486 -1680
1078 -468 -1670
1075 -449 -1659
1087 -437 -1655
1095 -401 -1645
1097 -380 -1629
1097 -363 -1614
1089 -343 -1618
1092 -316 -1587
1089 -301 -1576
1090 -291 -1564
1089 -278 -1551
1080 -254 -1537
1080 -240 -1520
1075 -236 -1497
1070 -223 -1498
1061 -209 -1485
1059 -201 -1474
1050 -195 -1467
1053 -187 -1453
1052 -184 -1435
1049 -173 -1428
1054 -168 -1430
1051 -165 -1424
1047 -155 -1396
1047 -148 -1403
1048 -149 -1393
1048 -146 -1383
1052 -135 -1366
1052 -131 -1353
1055 -131 -1342
1062 -126 -1328
1070 -129 -1321
1066 -122 -1318
1075 -119 -1313
1074 -122 -1299
1077 -118 -1304
1071 -115 -1291
1072 -111 -1293
1066 -108 -1282
1062 -107 -1274
1063 -112 -1272
1062 -110 -1268
1047 -109 -1263
1036 -110 -1261
1035 -108 -1266
1025 -112 -1273
1003 -111 -1296
997 -115 -1305
980 -120 -1330
968 -129 -1346
952 -142 -1370
950 -154 -1387
941 -159 -1398
930 -166 -1398
906 -178 -1416
905 -193 -1437
900 -204 -1444
898 -218 -1457
896 -240 -1488
896 -250 -1506
892 -259 -1504
887 -266 -1512
876 -282 -1532
880 -293 -1540
882 -302 -1557
884 -311 -1552
886 -329 -1581
886 -341 -1595
879 -352 -1598
879 -369 -1597
872 -384 -1615
872 -398 -1636
873 -408 -1624
879 -416 -1635
884 -438 -1621
881 -448 -1643
877 -453 -1654
876 -461 -1640
870 -476 -1666
871 -482 -1661
869 -491 -1652
867 -496 -1665
871 -521 -1666
872 -536 -1672
872 -544 -1669
872 -558 -1674
863 -574 -1658
863 -584 -1670
853 -597 -1665
854 -602 -1663
857 -630 -1672
859 -640 -1665
860 -653 -1666
860 -662 -1666
856 -674 -1669
854 -684 -1669
848 -695 -1666
847 -705 -1667
844 -712 -1664
844 -720 -1661
839 -727 -1659
835 -735 -1661
822 -755 -1651
816 -760 -1640
807 -768 -1638
807 -780 -1630
804 -794 -1623
803 -802 -1632
800 -807 -1622
799 -809 -1620
796 -820 -1628
792 -823 -1607
791 -826 -1611
791 -833 -1606
782 -839 -1591
775 -839 -1597
778 -843 -1591
765 -837 -1582
745 -845 -1565
749 -857 -1566
751 -857 -1553
746 -864 -1539
743 -869 -1522
732 -869 -1525
724 -871 -1528
721 -870 -1511
717 -876 -1496
718 -881 -1488
712 -878 -1481
706 -879 -1466
705 -880 -1447
701 -874 -1443
695 -875 -1438
696 -876 -1416
693 -875 -1405
696 -875 -1395
695 -869 -1387
694 -868 -1360
695 -867 -1357
691 -865 -1358
693 -859 -1349
690 -852 -1321
687 -851 -1310
692 -850 -1305
692 -845 -1304
683 -831 -1297
683 -834 -1299
681 -828 -1282
682 -823 -1274
682 -821 -1272
679 -817 -1264
680 -817 -1251
680 -811 -1240
680 -801 -1232
675 -801 -1224
675 -800 -1220
673 -793 -1206
679 -792 -1219
673 -789 -1208
676 -791 -1195
675 -789 -1209
676 -788 -1184
680 -784 -1184
677 -780 -1185
673 -774 -1179
680 -771 -1170
684 -773 -1158
686 -770 -1151
687 -771 -1153
687 -772 -1156
687 -772 -1153
695 -776 -1151
691 -777 -1157
691 -781 -1153
693 -783 -1172
697 -790 -1162
698 -789 -1159
696 -797 -1175
700 -804 -1182
706 -808 -1183
706 -812 -1176
706 -813 -1191
707 -819 -1189
708 -823 -1190
709 -827 -1187
706 -836 -1193
704 -855 -1186
700 -859 -1190
699 -872 -1190
685 -890 -1209
675 -896 -1224
663 -896 -1249
653 -890 -1261
640 -886 -1308
625 -880 -1325
621 -871 -1355
615 -852 -1392
611 -805 -1432
612 -778 -1435
612 -750 -1461
616 -718 -1470
637 -670 -1489
640 -644 -1489
639 -621 -1483
643 -594 -1498
644 -537 -1491
655 -510 -1495
668 -488 -1504
672 -469 -1515
690 -439 -1527
700 -426 -1525
701 -410 -1508
706 -392 -1512
712 -364 -1504
716 -350 -1508
727 -339 -1498
730 -327 -1496
748 -310 -1485
756 -300 -1477
768 -284 -1475
780 -273 -1478
804 -245 -1458
813 -237 -1445
820 -225 -1431
834 -202 -1407
845 -198 -1402
853 -186 -1388
857 -179 -1383
869 -161 -1350
874 -154 -1327
885 -152 -1325
898 -147 -1309
921 -131 -1291
934 -123 -1285
948 -124 -1274
966 -117 -1248
982 -115 -1221
991 -109 -1217
1001 -114 -1193
1012 -111 -1192
1023 -113 -1164
1025 -116 -1129
1030 -118 -1134
1039 -123 -1112
1062 -130 -1086
1065 -136 -1062
1081 -142 -1058
1096 -148 -1046
1115 -162 -1028
1131 -172 -1019
1139 -182 -997
1146 -189 -997
1173 -213 -961
1172 -222 -961
1181 -227 -946
1182 -243 -928
1186 -256 -919
1189 -267 -908
1192 -277 -895
1193 -286 -890
1204 -304 -883
1203 -315 -877
1209 -321 -871
1212 -329 -872
1219 -345 -864
1218 -355 -859
1220 -361 -847
1223 -369 -840
1237 -390 -839
1240 -401 -835
1248 -411 -831
1251 -424 -825
1252 -453 -825
1253 -466 -823
1248 -470 -823
1247 -478 -819
1248 -498 -820
1256 -508 -800
1248 -516 -807
1250 -526 -802
1247 -538 -809
1248 -548 -821
1249 -558 -806
1251 -564 -801
1254 -575 -811
1257 -576 -807
1262 -583 -804
1255 -586 -803
1264 -597 -819
1264 -602 -810
1261 -610 -811
1259 -613 -809
1252 -627 -808
1242 -635 -812
1243 -642 -810
1238 -649 -803
1225 -664 -802
1219 -672 -802
1219 -672 -806
1214 -681 -814
1206 -691 -810
1209 -693 -804
1206 -696 -811
1205 -703 -814
1201 -704 -805
1199 -708 -813
1200 -711 -818
1197 -713 -813
1195 -715 -817
1190 -717 -815
1186 -724 -817
1181 -736 -814
1163 -761 -829
1159 -773 -842
1156 -789 -842
1153 -792 -832
1146 -795 -846
1147 -804 -857
1145 -808 -855
1142 -811 -852
1133 -819 -853
1128 -820 -855
1123 -824 -864
1107 -829 -874
1089 -833 -866
1074 -839 -873
1058 -847 -887
1048 -876 -918
1044 -882 -923
1043 -887 -923
1041 -891 -927
1041 -898 -925
1039 -904 -939
1036 -910 -940
1033 -919 -941
1026 -930 -966
1019 -936 -977
1013 -943 -990
1013 -948 -1011
1003 -960 -1032
999 -961 -1051
996 -965 -1058
994 -968 -1038
997 -972 -1057
987 -979 -1062
981 -974 -1068
972 -979 -1084
964 -987 -1112
960 -993 -1125
952 -995 -1143
942 -994 -1165
924 -994 -1210
919 -996 -1237
918 -990 -1259
911 -993 -1276
914 -992 -1288
917 -995 -1299
914 -997 -1294
917 -995 -1296
906 -983 -1322
895 -977 -1335
893 -969 -1354
891 -968 -1366
881 -969 -1370
882 -965 -1382
877 -960 -1389
871 -956 -1406
863 -940 -1412
855 -935 -1428
843 -928 -1442
838 -918 -1452
828 -890 -1489
826 -883 -1496
821 -884 -1512
817 -880 -1521
808 -868 -1531
800 -855 -1523
800 -848 -1530
796 -833 -1546
798 -816 -1562
796 -806 -1577
791 -793 -1583
792 -786 -1579
792 -774 -1590
793 -766 -1595
801 -766 -1602
804 -765 -1603
806 -762 -1607
812 -760 -1615
807 -754 -1615
807 -748 -1606
810 -740 -1622
812 -739 -1614
812 -746 -1621
812 -741 -1621
818 -749 -1616
816 -750 -1619
814 -758 -1625
813 -766 -1624
818 -777 -1619
823 -789 -1612
826 -799 -1616
831 -814 -1608
838 -844 -1592
847 -860 -1576
853 -880 -1558
866 -900 -1552
881 -924 -1498
890 -934 -1491
900 -949 -1481
911 -956 -1472
928 -972 -1438
939 -975 -1430
946 -981 -1420
953 -989 -1400
972 -1001 -1370
979 -1008 -1359
992 -1008 -1339
1011 -1020 -1312
1020 -1022 -1303
1018 -1022 -1283
1030 -1027 -1274
1046 -1028 -1232
1054 -1029 -1215
1065 -1026 -1189
1079 -1023 -1172
1097 -1025 -1138
1111 -1017 -1119
1116 -1014 -1099
1126 -1013 -1087
1144 -999 -1068
1152 -995 -1053
1165 -986 -1042
1176 -980 -1015
1193 -957 -994
1205 -946 -979
1214 -940 -972
1230 -927 -963
1237 -902 -947
1249 -892 -933
1252 -883 -932
1258 -872 -917
1275 -847 -903
1280 -835 -890
1288 -825 -891
1296 -807 -882
1308 -783 -875
1310 -777 -875
1313 -766 -874
1323 -758 -863
1326 -747 -858
1326 -738 -861
1329 -729 -867
1331 -728 -859
1330 -720 -848
1331 -722 -850
1332 -723 -861
1333 -728 -861
1327 -738 -856
1326 -749 -867
1323 -758 -874
1325 -766 -871
1319 -796 -881
1310 -809 -892
1305 -825 -902
1301 -840 -911
1294 -877 -944
1289 -897 -960
1287 -913 -979
1282 -932 -996
1268 -961 -1045
1267 -979 -1061
1247 -985 -1079
1246 -998 -1093
1239 -1003 -1134
1232 -1014 -1153
1228 -1017 -1171
1227 -1019 -1186
1210 -1027 -1225
1204 -1026 -1245
1196 -1027 -1257
1186 -1027 -1283
1172 -1028 -1311
1167 -1023 -1330
1163 -1023 -1356
1159 -1020 -1363
1151 -1015 -1376
1144 -1010 -1395
1139 -1004 -1406
1136 -1004 -1419
1131 -988 -1452
1127 -985 -1457
1125 -979 -1469
1123 -971 -1487
1116 -956 -1510
1114 -941 -1521
1110 -937 -1534
1111 -928 -1539
1103 -912 -1551
1107 -909 -1559
1098 -899 -1570
1101 -892 -1563
1106 -889 -1570
1104 -878 -1576
1104 -871 -1583
1099 -866 -1589
1092 -854 -1585
1098 -848 -1599
1092 -843 -1614
1094 -844 -1605
1094 -842 -1607
1095 -837 -1611
1090 -834 -1600
1088 -831 -1607
1085 -826 -1617
1092 -828 -1627
1087 -825 -1618
1092 -830 -1602
1091 -832 -1607
1090 -839 -1603
1094 -839 -1608
1087 -847 -1609
1091 -851 -1601
1094 -857 -1605
1092 -865 -1605
1100 -883 -1594
1102 -891 -1575
1103 -901 -1565
1103 -911 -1571
1100 -940 -1532
1104 -956 -1525
1103 -968 -1503
1105 -985 -1486
1103 -1011 -1442
1105 -1022 -1413
1104 -1028 -1402
1102 -1034 -1375
1104 -1045 -1336
1107 -1045 -1306
1114 -1053 -1295
1112 -1055 -1257
1125 -1054 -1209
1131 -1049 -1196
1140 -1048 -1170
1145 -1039 -1148
1156 -1024 -1088
1163 -1020 -1072
1167 -1011 -1056
1177 -996 -1038
1195 -973 -994
1204 -965 -985
1215 -953 -967
1220 -943 -958
1234 -916 -944
1241 -908 -932
1244 -892 -916
1257 -877 -903
1278 -843 -882
1281 -825 -868
1291 -813 -860
1294 -795 -863
1301 -771 -859
1311 -756 -857
1318 -744 -854
1318 -730 -849
1325 -699 -845
1331 -685 -844
1337 -668 -839
1343 -650 -840
1350 -603 -830
1351 -584 -845
1350 -566 -843
1355 -557 -842
1358 -540 -864
1355 -529 -855
1358 -517 -846
1360 -507 -862
1361 -491 -868
1357 -484 -870
1361 -478 -863
1363 -470 -871
1363 -468 -884
1358 -460 -867
1358 -462 -867
1359 -460 -869
1354 -459 -874
1351 -462 -861
1350 -460 -869
1348 -462 -864
1348 -468 -866
1347 -467 -869
1346 -472 -861
1340 -494 -847
1339 -499 -843
1339 -512 -842
1331 -517 -830
1326 -537 -835
1318 -551 -830
1313 -559 -828
1313 -575 -818
1297 -605 -823
1289 -623 -821
1280 -632 -814
1274 -644 -819
1257 -664 -817
1249 -677 -815
1239 -693 -821
1227 -701 -815
1201 -735 -819
1185 -750 -825
1170 -764 -833
1161 -777 -829
1138 -824 -858
1129 -834 -876
1118 -846 -881
1108 -853 -891
1079 -855 -889
1063 -863 -891
1054 -870 -897
1046 -875 -913
1034 -887 -926
1026 -891 -925
1020 -897 -933
1007 -898 -941
988 -904 -955
979 -907 -969
970 -915 -987
960 -926 -1006
944 -944 -1039
933 -940 -1052
927 -945 -1059
919 -944 -1057
902 -943 -1068
899 -940 -1071
894 -934 -1067
889 -925 -1059
873 -921 -1056
865 -911 -1054
862 -910 -1061
853 -905 -1070
839 -913 -1086
836 -912 -1094
836 -915 -1105
834 -914 -1111
822 -919 -1140
821 -918 -1139
819 -922 -1153
814 -918 -1158
795 -913 -1186
781 -906 -1221
774 -903 -1223
758 -900 -1231
753 -894 -1247
750 -897 -1255
748 -893 -1250
747 -896 -1243
746 -892 -1263
744 -895 -1271
740 -890 -1285
742 -891 -1299
739 -885 -1295
739 -893 -1291
744 -892 -1301
745 -889 -1295
748 -893 -1289
748 -888 -1285
747 -890 -1278
741 -893 -1268
744 -889 -1258
745 -888 -1274
750 -891 -1251
751 -892 -1255
757 -892 -1232
763 -895 -1214
769 -894 -1209
780 -896 -1167
788 -897 -1145
797 -895 -1132
801 -890 -1107
808 -877 -1089
805 -872 -1055
809 -868 -1054
815 -867 -1044
824 -860 -1027
831 -857 -1014
844 -854 -1010
848 -849 -996
856 -836 -972
861 -825 -966
864 -818 -945
871 -815 -944
894 -808 -918
904 -800 -910
915 -796 -904
931 -789 -886
950 -769 -868
966 -753 -859
973 -742 -846
984 -729 -845
987 -707 -825
989 -695 -830
998 -687 -825
1004 -684 -821
1022 -679 -798
1026 -672 -797
1033 -670 -804
1040 -661 -802
1054 -640 -791
1059 -636 -796
1066 -626 -797
1069 -621 -786
1086 -623 -793
1091 -629 -789
1100 -635 -792
1107 -637 -791
1114 -641 -801
1120 -648 -799
1117 -646 -785
1127 -647 -802
1130 -643 -797
1129 -643 -798
1130 -644 -800
1130 -645 -801
1129 -648 -814
1130 -650 -789
1131 -647 -801
1130 -651 -805
1129 -658 -797
1124 -655 -806
1122 -662 -798
1121 -666 -801
1116 -671 -807
1111 -675 -794
1106 -690 -804
1099 -698 -809
1086 -723 -812
1067 -733 -821
1050 -744 -828
1039 -750 -847
1016 -772 -845
999 -781 -860
984 -785 -866
966 -793 -877
928 -805 -893
910 -807 -908
894 -810 -933
878 -819 -943
858 -830 -967
854 -833 -956
851 -835 -976
840 -840 -990
824 -852 -1015
822 -859 -1028
809 -864 -1049
812 -870 -1060
815 -883 -1074
815 -882 -1076
810 -886 -1095
805 -892 -1103
805 -898 -1130
804 -904 -1144
807 -910 -1157
810 -914 -1171
814 -924 -1190
813 -928 -1203
811 -931 -1214
816 -932 -1223
820 -943 -1257
819 -943 -1261
823 -944 -1268
827 -943 -1262
825 -946 -1286
827 -948 -1287
824 -945 -1310
828 -948 -1299
831 -953 -1320
832 -957 -1305
830 -952 -1313
826 -948 -1317
827 -952 -1316
824 -949 -1317
830 -954 -1313
829 -950 -1318
830 -949 -1307
833 -951 -1307
833 -950 -1300
832 -952 -1289
827 -951 -1281
835 -951 -1272
835 -952 -1257
832 -951 -1237
834 -951 -1218
836 -947 -1208
838 -945 -1192
843 -937 -1147
844 -932 -1134
848 -920 -1112
856 -913 -1079
859 -884 -1026
865 -865 -1007
872 -848 -987
884 -837 -965
887 -806 -933
890 -791 -911
885 -773 -902
880 -762 -903
871 -732 -901
877 -724 -885
883 -711 -880
890 -695 -881
916 -670 -851
931 -662 -844
935 -648 -836
937 -637 -837
939 -614 -822
943 -605 -822
952 -604 -823
971 -599 -823
1010 -580 -814
1033 -573 -807
1049 -560 -796
1058 -546 -800
1070 -536 -806
1075 -543 -793
1082 -554 -792
1088 -560 -802
1094 -564 -802
1091 -562 -787
1093 -558 -793
1099 -556 -791
1094 -551 -788
1096 -551 -789
1096 -550 -801
1101 -549 -799
1100 -535 -802
1092 -537 -804
1095 -529 -801
1090 -526 -817
1096 -514 -804
1089 -510 -805
1090 -515 -808
1088 -515 -807
1094 -521 -801
1094 -523 -808
1105 -523 -804
1106 -522 -801
1103 -517 -803
1109 -519 -796
1110 -522 -802
1110 -522 -789
1108 -522 -803
1107 -521 -799
1103 -520 -802
1099 -522 -794
1091 -527 -799
1094 -529 -802
1105 -533 -792
1113 -533 -798
1118 -534 -800
1110 -529 -803
1109 -526 -796
1104 -517 -802
1090 -497 -799
1079 -484 -811
1077 -475 -818
1079 -468 -807
1078 -458 -803
1081 -450 -816
1086 -448 -811
1096 -433 -820
1109 -433 -821
1116 -424 -824
1124 -411 -835
1142 -402 -838
1161 -396 -839
1169 -394 -836
1178 -387 -865
1198 -382 -854
1201 -378 -853
1199 -372 -861
1195 -360 -861
1196 -346 -874
1200 -349 -881
1205 -349 -883
1210 -356 -874
1215 -358 -877
1219 -364 -886
1223 -364 -876
1225 -365 -872
1230 -362 -876
1239 -362 -879
1240 -362 -885
1249 -362 -893
1264 -356 -903
1279 -354 -911
1291 -352 -922
1297 -350 -934
1312 -350 -942
1320 -353 -941
1318 -355 -940
1324 -360 -946
1329 -363 -947
1337 -366 -968
1344 -368 -958
1346 -365 -967
1362 -367 -988
1367 -361 -988
1371 -360 -998
1379 -360 -1008
1386 -356 -1024
1394 -352 -1032
1393 -347 -1046
1400 -345 -1061
1409 -341 -1076
1412 -340 -1100
1418 -338 -1114
1419 -341 -1130
1425 -331 -1148
1427 -334 -1171
1426 -335 -1170
1434 -337 -1183
1436 -334 -1212
1433 -334 -1217
1440 -335 -1227
1440 -341 -1235
1440 -340 -1261
1441 -346 -1279
1441 -346 -1286
1440 -342 -1300
1435 -341 -1307
1431 -342 -1324
1430 -344 -1329
1427 -344 -1351
1428 -356 -1368
1424 -358 -1385
1422 -358 -1393
1415 -361 -1399
1407 -365 -1417
1398 -362 -1432
1398 -367 -1444
1394 -377 -1440
1393 -384 -1464
1388 -385 -1460
1388 -386 -1466
1381 -388 -1472
1376 -397 -1490
1379 -398 -1484
1376 -403 -1479
1376 -404 -1492
1370 -407 -1487
1371 -411 -1506
1369 -415 -1506
1367 -418 -1509
1373 -422 -1500
1372 -420 -1499
1375 -420 -1507
1369 -417 -1501
1376 -419 -1506
1377 -409 -1486
1378 -401 -1495
1377 -402 -1482
1371 -384 -1486
1368 -383 -1478
1371 -378 -1474
1380 -382 -1465
1387 -378 -1460
1385 -376 -1465
1384 -369 -1457
1385 -364 -1446
1381 -364 -1447
1384 -357 -1441
1384 -359 -1439
1385 -356 -1436
1389 -350 -1429
1392 -346 -1435
1392 -342 -1434
1388 -331 -1420
1387 -332 -1406
1390 -325 -1407
1387 -315 -1413
1392 -309 -1386
1392 -306 -1384
1395 -303 -1380
1395 -298 -1370
1392 -292 -1360
1391 -292 -1355
1399 -291 -1350
1398 -289 -1339
1413 -291 -1318
1414 -296 -1304
1420 -295 -1313
1417 -292 -1306
1413 -285 -1294
1409 -286 -1285
1412 -285 -1288
1412 -283 -1268
1420 -282 -1241
1425 -293 -1231
1428 -296 -1222
1433 -303 -1227
1439 -303 -1207
1443 -307 -1202
1437 -307 -1183
1440 -313 -1186
1451 -323 -1157
1448 -325 -1159
1455 -328 -1148
1452 -335 -1122
1458 -343 -1123
1454 -346 -1106
1460 -352 -1095
1456 -361 -1092
1459 -369 -1073
1462 -373 -1076
1455 -374 -1077
1463 -383 -1067
1469 -395 -1062
1466 -402 -1058
1466 -402 -1054
1468 -410 -1052
1465 -411 -1044
1467 -419 -1040
1472 -423 -1028
1469 -427 -1030
1473 -436 -1033
1473 -440 -1027
1474 -442 -1019
1469 -447 -1018
1464 -464 -1001
1465 -472 -984
1471 -484 -989
1471 -497 -989
1472 -519 -995
1470 -526 -980
1471 -524 -976
1470 -524 -983
1465 -520 -972
1466 -522 -974
1470 -526 -971
1470 -527 -972
1467 -533 -978
1463 -533 -965
1463 -533 -974
1457 -534 -951
1462 -537 -952
1460 -549 -958
1459 -558 -955
1461 -561 -957
1459 -570 -952
1462 -577 -956
1458 -581 -953
1464 -577 -946
1458 -581 -956
1463 -588 -956
1462 -589 -933
1460 -592 -949
1459 -598 -945
1455 -600 -938
1456 -602 -932
1455 -598 -947
1451 -603 -937
1450 -601 -933
1452 -602 -933
1455 -604 -941
1453 -606 -938
1458 -607 -941
1461 -614 -940
1455 -617 -936
1463 -623 -930
1458 -626 -938
1458 -629 -936
1458 -634 -937
1463 -639 -942
1465 -638 -946
1470 -643 -944
1477 -643 -966
1483 -642 -966
1482 -642 -973
1487 -641 -985
1492 -644 -988
1495 -643 -998
1495 -644 -989
1499 -641 -998
1503 -643 -1012
1499 -640 -1007
1503 -645 -1004
1507 -648 -1007
1500 -642 -1002
1493 -639 -986
1498 -642 -985
1494 -641 -1003
1493 -639 -990
1493 -630 -984
1498 -627 -981
1495 -625 -992
1496 -622 -980
1493 -618 -982
1493 -622 -974
1492 -615 -981
1496 -604 -987
1498 -605 -987
1498 -604 -983
1500 -602 -990
1498 -605 -982
1492 -606 -986
1494 -606 -980
1492 -607 -987
1494 -610 -984
1491 -611 -974
1488 -614 -972
1488 -614 -976
1486 -611 -978
1485 -614 -965
1480 -615 -967
1478 -615 -957
1476 -626 -961
1473 -629 -957
1469 -633 -942
1467 -642 -948
1466 -659 -944
1461 -670 -946
1463 -678 -950
1462 -684 -952
1457 -689 -949
1456 -694 -957
1452 -696 -942
1453 -700 -957
1459 -708 -955
1455 -718 -960
1458 -726 -974
1455 -731 -980
1461 -745 -993
1458 -745 -999
1459 -751 -993
1457 -749 -991
1458 -757 -987
1458 -754 -990
1457 -757 -992
1455 -760 -998
1454 -764 -992
1453 -764 -1004
1453 -772 -993
1449 -770 -1001
1448 -784 -1008
1444 -792 -1008
1441 -801 -1011
1440 -810 -1017
1431 -824 -1022
1433 -831 -1036
1428 -836 -1039
1426 -845 -1036
1423 -861 -1044
1421 -863 -1057
1422 -868 -1069
1427 -867 -1073
1434 -864 -1071
1436 -866 -1066
1439 -864 -1075
1438 -868 -1092
1436 -873 -1098
1440 -876 -1092
1446 -879 -1106
1451 -872 -1124
1453 -871 -1123
1452 -876 -1118
1449 -880 -1121
1445 -893 -1147
1444 -895 -1147
1445 -900 -1153
1446 -901 -1152
1446 -909 -1170
1441 -908 -1175
1439 -914 -1174
1440 -921 -1179
1433 -927 -1196
1434 -928 -1200
1429 -927 -1202
1439 -926 -1214
1442 -935 -1213
1438 -934 -1227
1439 -934 -1221
1432 -936 -1230
1434 -939 -1243
1439 -943 -1245
1439 -939 -1246
1440 -934 -1253
1452 -924 -1273
1453 -918 -1288
1459 -917 -1290
1463 -910 -1305
1464 -898 -1328
1463 -890 -1331
1464 -880 -1363
1469 -869 -1370
1462 -846 -1401
1469 -842 -1407
1474 -832 -1408
1479 -823 -1397
1487 -804 -1405
1488 -793 -1399
1492 -784 -1399
1491 -777 -1401
1495 -756 -1407
1494 -750 -1404
1501 -742 -1404
1508 -727 -1399
1507 -698 -1405
1509 -689 -1412
1507 -678 -1410
1503 -679 -1407
1502 -669 -1411
1503 -664 -1412
1501 -657 -1417
1496 -638 -1422
1486 -622 -1439
1476 -613 -1449
1473 -604 -1450
1477 -600 -1449
1476 -594 -1462
1475 -587 -1458
1477 -580 -1440
1474 -571 -1442
1466 -558 -1448
1468 -549 -1445
1466 -545 -1443
1463 -535 -1447
1455 -521 -1441
1456 -519 -1444
1456 -512 -1437
1455 -506 -1446
1453 -492 -1449
1448 -484 -1460
1449 -477 -1446
1448 -471 -1433
1442 -447 -1444
1440 -436 -1448
1426 -427 -1450
1423 -418 -1444
1412 -405 -1465
1417 -404 -1463
1409 -397 -1460
1411 -392 -1463
1406 -383 -1454
1409 -387 -1449
1409 -383 -1448
1412 -385 -1450
1406 -388 -1447
1406 -391 -1460
1405 -393 -1459
1408 -395 -1452
1410 -404 -1459
1407 -405 -1467
1406 -409 -1462
1408 -409 -1473
1407 -412 -1467
1405 -415 -1477
1409 -419 -1470
1416 -425 -1478
1417 -420 -1453
1417 -423 -1474
1419 -426 -1463
1415 -427 -1464
1416 -433 -1467
1414 -438 -1473
1417 -443 -1469
1419 -448 -1476
1419 -449 -1480
1414 -452 -1477
1417 -451 -1473
1423 -451 -1472
1422 -452 -1475
1421 -453 -1484
1421 -457 -1478
1423 -467 -1477
1430 -473 -1476
1435 -479 -1473
1435 -487 -1477
1446 -510 -1471
1450 -519 -1462
1456 -532 -1447
1462 -543 -1454
1475 -563 -1447
1477 -573 -1452
1481 -586 -1449
1479 -598 -1437
1485 -615 -1432
1491 -624 -1433
1495 -630 -1430
1501 -646 -1420
1508 -667 -1402
1510 -681 -1395
1510 -688 -1383
1517 -696 -1374
1518 -715 -1360
1517 -723 -1347
1519 -731 -1353
1523 -741 -1342
1522 -748 -1326
1520 -756 -1327
1519 -762 -1316
1520 -771 -1309
1518 -780 -1282
1517 -780 -1274
1515 -784 -1279
1512 -781 -1272
1519 -781 -1271
1517 -777 -1258
1520 -775 -1251
1517 -773 -1248
1520 -775 -1203
1518 -775 -1185
1524 -774 -1175
1523 -770 -1171
1522 -765 -1156
1519 -766 -1143
1519 -757 -1130
1517 -755 -1121
1511 -747 -1105
1514 -742 -1104
1511 -736 -1092
1515 -736 -1089
1511 -729 -1059
1505 -721 -1055
1504 -717 -1048
1502 -709 -1043
1507 -696 -1036
1500 -685 -1025
1502 -676 -1020
1503 -665 -1023
1503 -650 -1008
1505 -643 -1007
1502 -636 -1009
1506 -627 -1005
1504 -613 -1012
1504 -608 -1009
1511 -608 -1010
1502 -603 -1001
1500 -598 -994
1500 -595 -1004
1498 -597 -1004
1500 -591 -994
1496 -590 -998
1497 -584 -1011
1498 -584 -1001
1502 -579 -1008
1507 -578 -1020
1509 -576 -1022
1509 -570 -1023
1507 -569 -1018
1509 -558 -1012
1508 -554 -1015
1507 -548 -1021
1511 -547 -1016
1511 -550 -1017
1510 -549 -1023
1510 -553 -1012
1500 -549 -1015
1497 -550 -1007
1497 -550 -1006
1500 -547 -1001
1493 -537 -1000
1494 -531 -997
1492 -520 -994
1483 -515 -1009
1473 -503 -971
1468 -495 -967
1462 -490 -963
1457 -487 -967
1449 -488 -950
1450 -494 -951
1444 -497 -940
1440 -497 -938
1432 -504 -927
1430 -506 -918
1427 -506 -919
1423 -499 -925
1422 -482 -920
1414 -476 -926
1412 -470 -930
1411 -464 -916
1403 -450 -932
1399 -441 -922
1397 -435 -933
1396 -423 -934
1382 -407 -945
1378 -399 -934
1373 -394 -934
1363 -382 -932
1348 -349 -937
1347 -329 -952
1345 -315 -962
1330 -300 -967
1316 -275 -989
1307 -263 -997
1303 -254 -1001
1298 -250 -1017
1285 -231 -1032
1284 -223 -1051
1279 -217 -1067
1272 -206 -1073
1261 -193 -1089
1253 -188 -1099
1257 -186 -1117
1256 -183 -1126
1254 -173 -1142
1253 -176 -1151
1251 -172 -1166
1251 -173 -1184
1259 -175 -1198
1261 -170 -1198
1263 -175 -1225
1265 -178 -1227
1278 -183 -1244
1281 -188 -1261
1285 -190 -1277
1282 -190 -1270
1287 -198 -1282
1286 -201 -1288
1290 -198 -1296
1285 -199 -1304
1281 -201 -1304
1284 -203 -1319
1289 -206 -1312
1292 -209 -1320
1289 -211 -1330
1291 -213 -1330
1291 -217 -1339
1291 -213 -1327
1293 -214 -1349
1294 -219 -1342
1291 -220 -1348
1295 -223 -1357
1291 -232 -1375
1288 -228 -1373
1292 -230 -1367
1296 -227 -1364
1299 -229 -1370
1299 -234 -1370
1302 -236 -1377
1298 -236 -1386
1300 -240 -1384
1295 -241 -1396
1295 -245 -1403
1290 -243 -1405
1285 -246 -1412
1285 -250 -1434
1284 -250 -1430
1279 -253 -1442
1276 -261 -1444
1281 -261 -1459
1278 -261 -1456
1277 -267 -1458
1274 -264 -1459
1274 -267 -1465
1271 -266 -1475
1262 -270 -1483
1257 -272 -1487
1257 -274 -1486
1253 -269 -1494
1254 -274 -1490
1247 -276 -1497
1252 -278 -1492
1256 -280 -1503
1257 -283 -1502
1263 -285 -1492
1269 -286 -1503
1264 -288 -1510
1263 -295 -1507
1266 -294 -1519
1261 -294 -1511
1263 -297 -1513
1262 -304 -1520
1261 -312 -1511
1260 -310 -1522
1263 -300 -1517
1257 -297 -1530
1257 -292 -1530
1255 -299 -1522
1258 -297 -1529
1263 -295 -1523
1264 -292 -1518
1268 -293 -1505
1274 -290 -1502
1284 -294 -1507
1286 -292 -1500
1288 -290 -1495
1290 -289 -1500
1291 -294 -1494
1296 -298 -1500
1291 -301 -1504
1287 -307 -1511
1280 -312 -1535
1271 -316 -1542
1267 -325 -1536
1259 -329 -1549
1256 -337 -1559
1254 -347 -1565
1251 -350 -1569
1256 -363 -1585
1254 -375 -1579
1250 -381 -1593
1250 -391 -1599
1242 -399 -1598
1241 -401 -1600
1239 -408 -1610
1234 -410 -1613
1227 -404 -1612
1218 -408 -1614
1214 -408 -1617
1210 -406 -1624
1208 -410 -1629
1199 -412 -1633
1193 -422 -1638
1187 -423 -1653
1185 -433 -1656
1169 -433 -1655
1169 -437 -1654
1159 -443 -1657
1158 -454 -1668
1151 -461 -1670
1150 -466 -1671
1143 -474 -1680
1142 -478 -1681
1141 -491 -1674
1141 -499 -1680
1142 -505 -1678
1139 -515 -1678
1139 -528 -1675
1139 -529 -1684
1137 -530 -1680
1135 -539 -1680
1129 -548 -1689
1130 -563 -1692
1130 -567 -1682
1130 -571 -1685
1135 -579 -1689
1131 -586 -1681
1130 -591 -1686
1130 -594 -1687
1127 -606 -1684
1126 -614 -1684
1122 -624 -1678
1115 -631 -1678
1109 -647 -1684
1108 -660 -1679
1103 -669 -1673
1090 -685 -1688
1088 -696 -1687
1087 -704 -1672
1084 -713 -1671
1077 -726 -1666
1071 -731 -1657
1070 -738 -1671
1068 -752 -1650
1061 -768 -1653
1052 -776 -1654
1055 -792 -1645
1052 -791 -1639
1044 -811 -1633
1043 -817 -1627
1044 -828 -1632
1041 -830 -1619
1039 -843 -1608
1035 -849 -1606
1037 -857 -1599
1039 -866 -1603
1040 -876 -1576
1045 -882 -1585
1042 -885 -1569
1042 -894 -1573
1044 -898 -1555
1045 -901 -1553
1046 -907 -1551
1046 -914 -1531
1059 -923 -1517
1060 -931 -1517
1061 -936 -1516
1061 -942 -1506
1065 -953 -1479
1067 -956 -1479
1072 -959 -1463
1070 -968 -1465
1070 -972 -1435
1070 -977 -1431
1071 -978 -1417
1073 -985 -1404
1076 -987 -1412
1078 -991 -1396
1082 -995 -1391
1083 -993 -1392
1091 -999 -1366
1093 -997 -1359
1092 -999 -1365
1094 -1005 -1349
1097 -1007 -1331
1091 -1006 -1331
1096 -1007 -1321
1092 -1009 -1316
1096 -1010 -1304
1096 -1012 -1291
1101 -1008 -1284
1092 -1011 -1280
1085 -1017 -1256
1090 -1010 -1249
1089 -1009 -1245
1092 -1012 -1229
1097 -1010 -1234
1098 -1010 -1224
1094 -1014 -1217
1097 -1013 -1219
1099 -1013 -1200
1097 -1010 -1212
1099 -1008 -1194
1097 -1012 -1196
1100 -1008 -1196
1100 -1006 -1185
1103 -1009 -1182
1102 -1013 -1178
1105 -1013 -1193
1106 -1015 -1179
1113 -1013 -1189
1116 -1014 -1193
1113 -1015 -1191
1119 -1014 -1210
1117 -1019 -1203
1121 -1015 -1205
1125 -1013 -1222
1130 -1015 -1225
1135 -1019 -1243
1138 -1016 -1252
1143 -1015 -1263
1145 -1017 -1282
1141 -1013 -1290
1139 -1011 -1313
1138 -999 -1341
1137 -1003 -1357
1130 -996 -1363
1125 -993 -1373
1112 -980 -1396
1105 -979 -1414
1105 -970 -1418
1099 -962 -1430
1101 -956 -1450
1098 -950 -1466
1097 -945 -1470
1092 -927 -1492
1084 -914 -1512
1080 -911 -1511
1073 -901 -1520
1065 -879 -1562
1058 -871 -1567
1053 -859 -1578
1048 -847 -1590
1037 -828 -1614
1028 -818 -1612
1021 -802 -1612
1015 -800 -1633
998 -770 -1628
991 -761 -1652
990 -747 -1647
986 -729 -1662
971 -707 -1668
961 -691 -1671
954 -680 -1671
949 -667 -1682
938 -637 -1674
932 -621 -1675
926 -608 -1690
917 -585 -1688
906 -551 -1691
908 -530 -1702
899 -516 -1694
894 -501 -1678
889 -478 -1677
888 -464 -1678
888 -446 -1669
885 -430 -1671
885 -398 -1660
885 -381 -1648
885 -369 -1646
883 -350 -1641
885 -319 -1619
886 -301 -1607
883 -291 -1601
881 -280 -1597
878 -255 -1578
874 -248 -1561
878 -240 -1549
877 -233 -1547
880 -218 -1526
878 -213 -1518
878 -212 -1514
879 -208 -1515
881 -202 -1505
877 -198 -1505
876 -196 -1505
881 -199 -1497
885 -198 -1490
886 -194 -1504
885 -194 -1509
884 -192 -1509
888 -197 -1508
887 -204 -1520
885 -213 -1520
885 -216 -1525
891 -226 -1534
884 -231 -1547
889 -233 -1559
888 -241 -1552
891 -259 -1574
888 -264 -1574
898 -273 -1592
895 -286 -1595
900 -299 -1616
904 -314 -1625
908 -320 -1637
915 -332 -1639
925 -362 -1641
928 -372 -1659
937 -381 -1663
944 -390 -1662
960 -413 -1677
970 -425 -1690
980 -437 -1680
984 -457 -1695
1009 -494 -1696
1017 -506 -1692
1033 -520 -1698
1043 -535 -1686
1063 -564 -1690
1070 -578 -1697
1081 -593 -1685
1094 -609 -1694
1116 -626 -1681
1125 -642 -1673
1132 -644 -1671
1152 -667 -1664
1154 -677 -1658
1160 -685 -1658
1170 -696 -1658
1187 -708 -1634
1196 -715 -1639
1202 -720 -1628
1205 -733 -1620
1219 -751 -1609
1227 -758 -1598
1236 -765 -1594
1239 -773 -1590
1248 -786 -1591
1254 -790 -1580
1262 -794 -1569
1264 -799 -1559
1271 -813 -1537
1274 -818 -1552
1280 -822 -1536
1280 -830 -1519
1290 -841 -1515
1298 -845 -1502
1308 -846 -1491
1308 -850 -1488
1317 -855 -1473
1325 -860 -1472
1326 -863 -1465
1330 -865 -1449
1337 -866 -1438
1341 -865 -1427
1344 -871 -1425
1349 -872 -1431
1358 -874 -1409
1366 -872 -1403
1372 -870 -1390
1378 -870 -1381
1391 -860 -1373
1399 -858 -1366
1406 -856 -1370
1416 -849 -1366
1421 -838 -1369
1424 -834 -1352
1431 -832 -1352
1436 -829 -1352
1443 -823 -1339
1448 -819 -1342
1450 -811 -1344
1453 -805 -1333
1461 -794 -1331
1466 -793 -1345
1470 -788 -1338
1467 -791 -1332
1463 -788 -1340
1463 -793 -1346
1466 -788 -1347
1469 -785 -1336
1460 -783 -1344
1462 -784 -1344
1461 -786 -1352
1457 -786 -1348
1450 -797 -1360
1448 -794 -1367
1448 -799 -1370
1443 -800 -1377
1435 -799 -1384
1427 -801 -1386
1425 -802 -1405
1416 -801 -1411
1403 -802 -1437
1398 -806 -1444
1389 -805 -1441
1382 -803 -1470
1354 -803 -1482
1344 -807 -1497
1334 -802 -1502
1324 -806 -1519
1295 -799 -1522
1281 -804 -1551
1263 -799 -1565
1247 -793 -1570
1213 -784 -1599
1196 -777 -1607
1179 -765 -1615
1152 -752 -1625
1108 -736 -1650
1088 -723 -1666
1059 -709 -1673
1025 -698 -1677
970 -667 -1675
945 -648 -1683
925 -629 -1684
908 -613 -1682
883 -575 -1684
866 -563 -1676
860 -550 -1668
838 -526 -1661
826 -513 -1666
817 -498 -1659
807 -486 -1658
796 -451 -1640
787 -438 -1623
777 -425 -1620
772 -413 -1620
761 -387 -1594
756 -372 -1598
752 -359 -1577
746 -343 -1557
738 -318 -1529
737 -310 -1532
737 -296 -1532
731 -291 -1493
733 -276 -1475
735 -265 -1470
733 -259 -1467
734 -249 -1447
731 -236 -1415
730 -237 -1405
727 -230 -1405
725 -230 -1389
720 -229 -1371
723 -228 -1354
720 -222 -1347
720 -219 -1344
723 -220 -1325
721 -223 -1327
716 -225 -1320
726 -227 -1319
719 -229 -1302
719 -227 -1312
720 -229 -1304
723 -225 -1307
717 -236 -1310
707 -238 -1307
709 -238 -1310
705 -241 -1316
710 -241 -1308
711 -239 -1317
710 -238 -1313
717 -229 -1310
725 -225 -1307
723 -223 -1309
726 -230 -1298
722 -228 -1300
718 -229 -1298
720 -233 -1294
722 -230 -1289
728 -228 -1279
736 -215 -1278
738 -216 -1287
736 -219 -1282
737 -216 -1276
728 -224 -1276
719 -223 -1279
723 -227 -1271
724 -228 -1258
730 -224 -1229
728 -221 -1232
733 -224 -1216
740 -225 -1214
741 -223 -1215
737 -226 -1203
742 -228 -1201
741 -228 -1197
738 -235 -1207
735 -239 -1178
735 -238 -1183
734 -239 -1183
733 -243 -1176
728 -245 -1172
728 -251 -1165
726 -254 -1161
727 -260 -1152
730 -264 -1165
727 -263 -1154
723 -265 -1160
725 -269 -1145
724 -270 -1149
721 -276 -1154
719 -276 -1144
717 -288 -1133
712 -293 -1123
714 -297 -1126
712 -302 -1111
710 -318 -1100
710 -325 -1086
706 -337 -1094
701 -347 -1083
707 -364 -1064
702 -372 -1064
702 -377 -1048
709 -397 -1050
704 -405 -1037
712 -413 -1044
709 -421 -1030
714 -429 -1012
711 -433 -1018
718 -440 -1003
717 -444 -1011
718 -454 -997
726 -462 -988
721 -466 -978
735 -482 -976
738 -497 -965
739 -508 -965
747 -519 -954
744 -529 -950
752 -550 -954
753 -563 -941
760 -575 -943
765 -588 -957
772 -613 -937
773 -622 -942
774 -626 -933
784 -632 -929
789 -637 -937
790 -644 -935
792 -652 -927
798 -656 -925
802 -664 -922
806 -667 -920
812 -673 -911
815 -674 -919
817 -682 -927
823 -683 -916
823 -691 -919
824 -701 -921
827 -711 -923
835 -724 -923
839 -731 -923
842 -735 -921
852 -741 -913
855 -744 -920
862 -747 -927
862 -757 -915
868 -760 -917
872 -765 -926
874 -779 -929
878 -788 -927
882 -791 -934
888 -792 -935
891 -797 -929
892 -802 -947
890 -806 -957
895 -813 -951
894 -820 -955
898 -822 -958
903 -823 -957
902 -822 -959
907 -824 -961
907 -821 -952
904 -824 -939
904 -826 -941
906 -823 -956
907 -825 -943
912 -825 -941
905 -826 -947
906 -820 -937
909 -819 -936
904 -804 -928
900 -797 -922
900 -788 -914
892 -785 -895
881 -770 -908
881 -756 -913
873 -753 -916
870 -747 -910
858 -729 -910
851 -719 -914
837 -702 -914
835 -693 -907
818 -670 -908
809 -659 -922
803 -648 -913
795 -637 -920
783 -612 -923
778 -601 -933
764 -592 -940
762 -573 -935
750 -548 -945
748 -537 -955
745 -520 -956
741 -506 -962
738 -477 -969
732 -474 -970
727 -462 -979
717 -438 -1002
718 -418 -1012
718 -405 -1012
712 -392 -1015
710 -375 -1049
707 -365 -1055
705 -353 -1060
705 -347 -1063
706 -330 -1087
706 -326 -1105
704 -320 -1113
701 -312 -1122
703 -294 -1131
704 -294 -1129
700 -287 -1163
701 -283 -1167
702 -273 -1183
705 -267 -1184
703 -265 -1201
703 -262 -1221
702 -252 -1220
706 -252 -1221
709 -242 -1241
712 -238 -1250
716 -234 -1262
715 -229 -1271
717 -227 -1276
718 -228 -1281
717 -230 -1303
723 -224 -1313
718 -223 -1311
722 -222 -1309
724 -225 -1326
727 -226 -1325
724 -226 -1325
724 -226 -1332
722 -229 -1343
719 -228 -1346
718 -232 -1351
725 -235 -1348
726 -229 -1354
730 -229 -1350
733 -223 -1355
730 -224 -1346
732 -217 -1342
735 -218 -1334
733 -214 -1330
733 -216 -1322
745 -206 -1311
756 -199 -1300
763 -187 -1281
774 -182 -1271
786 -183 -1229
783 -181 -1217
786 -184 -1182
788 -189 -1170
809 -188 -1128
815 -195 -1103
823 -199 -1094
831 -206 -1073
840 -218 -1049
847 -217 -1028
857 -222 -1029
870 -224 -1017
899 -224 -1003
916 -224 -981
927 -227 -975
940 -225 -958
968 -231 -951
978 -237 -944
980 -246 -925
988 -258 -911
997 -279 -889
1008 -293 -883
1018 -299 -865
1029 -307 -858
1056 -321 -852
1062 -331 -851
1073 -342 -851
1075 -359 -837
1083 -378 -813
1089 -389 -814
1091 -396 -811
1103 -403 -819
1119 -416 -810
1125 -422 -808
1135 -429 -795
1130 -440 -795
1128 -458 -781
1125 -465 -791
1124 -467 -779
1128 -465 -797
1135 -463 -786
1143 -458 -797
1144 -463 -785
1144 -466 -787
1141 -467 -784
1138 -467 -780
1134 -467 -790
1129 -460 -796
1130 -453 -787
1129 -446 -789
1129 -434 -800
1130 -410 -803
1132 -401 -814
1137 -395 -824
1130 -384 -814
1122 -369 -837
1125 -363 -827
1127 -350 -829
1134 -345 -845
1148 -325 -853
1158 -315 -852
1158 -306 -868
1159 -298 -864
1159 -278 -881
1160 -272 -887
1166 -268 -897
1176 -263 -913
1192 -250 -917
1206 -246 -927
1220 -236 -949
1232 -233 -959
1251 -221 -981
1259 -221 -988
1271 -224 -998
1279 -220 -1002
1309 -222 -1023
1321 -229 -1039
1332 -225 -1045
1343 -228 -1066
1362 -229 -1103
1370 -230 -1113
1379 -234 -1136
1386 -233 -1141
1397 -241 -1172
1398 -241 -1188
1402 -240 -1189
1406 -245 -1207
1414 -250 -1241
1410 -250 -1244
1411 -251 -1271
1410 -252 -1273
1412 -260 -1316
1402 -263 -1335
1402 -267 -1339
1401 -271 -1368
1392 -275 -1391
1385 -281 -1403
1378 -285 -1419
1377 -291 -1418
1364 -290 -1446
1359 -289 -1446
1354 -288 -1453
1347 -290 -1462
1328 -281 -1468
1322 -273 -1473
1312 -271 -1481
1299 -268 -1496
1287 -272 -1505
1277 -275 -1512
1269 -280 -1529
1259 -284 -1524
1244 -284 -1529
1241 -287 -1539
1236 -288 -1548
1236 -288 -1550
1225 -293 -1561
1223 -297 -1561
1219 -294 -1567
1221 -302 -1573
1208 -316 -1592
1206 -317 -1591
1206 -321 -1600
1205 -329 -1589
1197 -337 -1612
1196 -347 -1618
1193 -346 -1613
1192 -351 -1619
1190 -355 -1627
1193 -355 -1628
1192 -355 -1626
1191 -347 -1622
1192 -349 -1639
1193 -348 -1635
1194 -352 -1624
1197 -360 -1618
1195 -364 -1628
1197 -363 -1626
1199 -362 -1629
1200 -363 -1628
1202 -355 -1617
1201 -351 -1606
1207 -349 -1617
1207 -338 -1607
1211 -329 -1617
1213 -320 -1594
1213 -315 -1586
1219 -299 -1580
1222 -292 -1571
1225 -279 -1557
1229 -269 -1555
1225 -239 -1522
1221 -227 -1512
1220 -215 -1496
1218 -200 -1477
1223 -181 -1456
1222 -178 -1435
1224 -171 -1418
1225 -162 -1389
1218 -149 -1366
1213 -142 -1345
1201 -136 -1323
1204 -130 -1301
1203 -127 -1277
1204 -130 -1263
1200 -127 -1247
1196 -125 -1222
1186 -131 -1179
1187 -134 -1150
1181 -136 -1137
1179 -140 -1120
1174 -151 -1085
1176 -159 -1056
1169 -160 -1046
1157 -164 -1036
1147 -187 -1006
1138 -191 -997
1126 -199 -972
1118 -203 -958
1106 -218 -943
1102 -226 -935
1089 -232 -930
1079 -242 -922
1051 -266 -902
1037 -281 -891
1033 -289 -874
1021 -302 -874
998 -327 -875
991 -338 -865
982 -349 -850
973 -362 -846
963 -390 -840
963 -394 -850
960 -405 -835
950 -409 -833
945 -426 -836
947 -424 -830
947 -431 -847
941 -432 -841
940 -434 -832
940 -431 -837
939 -422 -848
943 -411 -852
944 -381 -851
948 -366 -866
948 -350 -857
947 -337 -872
955 -312 -898
956 -300 -903
955 -290 -911
959 -276 -921
961 -254 -936
965 -242 -945
974 -233 -967
977 -221 -972
983 -206 -983
982 -196 -996
978 -190 -1000
978 -187 -1020
977 -168 -1027
981 -158 -1048
987 -153 -1072
990 -142 -1086
992 -131 -1114
992 -124 -1143
996 -123 -1157
995 -119 -1165
1004 -109 -1199
1005 -108 -1220
1006 -104 -1223
1009 -106 -1241
1010 -100 -1270
1003 -99 -1298
1002 -103 -1312
998 -104 -1333
995 -113 -1367
1001 -118 -1395
994 -124 -1409
997 -132 -1426
994 -151 -1480
997 -160 -1482
993 -166 -1487
992 -179 -1518
992 -192 -1522
996 -199 -1541
996 -205 -1537
996 -223 -1560
994 -234 -1575
994 -245 -1579
999 -256 -1588
997 -282 -1617
995 -292 -1616
996 -305 -1618
994 -320 -1628
994 -347 -1655
994 -357 -1657
995 -368 -1659
998 -377 -1669
992 -395 -1671
995 -405 -1680
995 -417 -1675
994 -422 -1686
996 -437 -1684
999 -445 -1681
995 -450 -1689
1000 -450 -1689
1008 -475 -1694
1016 -483 -1690
1018 -498 -1698
1021 -509 -1699
1029 -524 -1699
1032 -534 -1696
1037 -536 -1704
1040 -539 -1700
1039 -540 -1716
1041 -540 -1704
1046 -539 -1711
1045 -547 -1698
1053 -560 -1705
1051 -570 -1692
1049 -581 -1711
1050 -589 -1704
1051 -611 -1706
1048 -624 -1708
1044 -628 -1721
1041 -641 -1705
1043 -666 -1706
1043 -671 -1701
1044 -682 -1702
1046 -690 -1690
1050 -702 -1695
1051 -710 -1689
1050 -714 -1680
1043 -715 -1676
1041 -740 -1684
1034 -744 -1678
1030 -752 -1680
1030 -757 -1677
1040 -762 -1669
1046 -767 -1669
1052 -776 -1652
1052 -775 -1659
1062 -786 -1652
1060 -791 -1649
1061 -798 -1653
1062 -805 -1651
1061 -814 -1640
1057 -818 -1640
1060 -826 -1627
1065 -835 -1623
1064 -839 -1615
1062 -846 -1608
1066 -849 -1599
1068 -855 -1591
1067 -852 -1599
1068 -856 -1585
1064 -853 -1609
1065 -854 -1599
1066 -855 -1589
1068 -859 -1593
1068 -862 -1601
1068 -859 -1587
1067 -852 -1600
1066 -842 -1598
1067 -836 -1609
1064 -826 -1623
1052 -800 -1641
1047 -786 -1648
1037 -773 -1656
1029 -756 -1668
1013 -722 -1686
1006 -708 -1690
996 -684 -1685
989 -660 -1696
966 -618 -1702
956 -595 -1692
943 -571 -1704
931 -531 -1697
928 -504 -1689
916 -488 -1686
911 -464 -1685
893 -422 -1674
887 -402 -1670
878 -383 -1655
875 -370 -1641
863 -345 -1613
855 -323 -1619
849 -309 -1603
846 -298 -1598
832 -281 -1562
824 -272 -1544
817 -261 -1533
811 -255 -1524
795 -249 -1501
792 -247 -1494
785 -239 -1481
781 -241 -1471
769 -236 -1439
766 -231 -1433
764 -229 -1409
756 -229 -1395
748 -232 -1379
743 -232 -1370
742 -233 -1345
739 -236 -1331
730 -239 -1291
734 -238 -1281
733 -240 -1259
735 -243 -1240
737 -248 -1200
737 -252 -1185
740 -255 -1171
744 -260 -1149
761 -260 -1114
771 -267 -1089
781 -264 -1076
788 -269 -1062
801 -276 -1029
810 -280 -1016
818 -286 -1007
831 -287 -996
852 -284 -970
866 -289 -969
871 -287 -956
878 -293 -948
893 -296 -938
906 -304 -922
917 -307 -925
923 -312 -918
937 -323 -892
946 -331 -899
954 -334 -890
961 -338 -882
977 -344 -878
982 -347 -867
987 -349 -863
995 -358 -865
1002 -370 -857
1007 -376 -846
1012 -379 -848
1019 -386 -841
1031 -381 -840
1033 -381 -838
1034 -374 -844
1037 -369 -852
1027 -355 -851
1022 -351 -864
1014 -336 -877
1002 -326 -880
982 -306 -899
970 -297 -908
953 -291 -929
941 -280 -936
906 -261 -979
896 -252 -993
883 -245 -1000
873 -240 -1018
851 -232 -1058
836 -227 -1069
820 -222 -1078
806 -217 -1113
784 -219 -1151
769 -222 -1181
754 -222 -1199
738 -227 -1228
717 -242 -1295
711 -255 -1326
705 -268 -1356
696 -277 -1371
690 -307 -1409
684 -318 -1421
679 -337 -1433
680 -367 -1477
680 -377 -1489
687 -392 -1508
693 -405 -1523
710 -428 -1553
716 -439 -1578
728 -454 -1593
737 -470 -1597
763 -510 -1617
775 -530 -1632
794 -551 -1644
803 -566 -1653
830 -596 -1665
844 -608 -1666
857 -624 -1670
867 -635 -1679
903 -658 -1676
912 -671 -1682
931 -687 -1670
946 -700 -1666
977 -723 -1659
989 -732 -1662
1007 -749 -1652
1016 -758 -1657
1043 -780 -1637
1053 -791 -1633
1066 -807 -1621
1079 -813 -1603
1102 -831 -1596
1113 -832 -1588
1121 -843 -1588
1128 -849 -1576
1148 -859 -1555
1161 -866 -1554
1173 -874 -1539
1173 -881 -1532
1182 -889 -1513
1184 -893 -1505
1186 -903 -1508
1191 -904 -1503
1206 -908 -1480
1208 -914 -1488
1215 -913 -1477
1217 -919 -1484
1214 -914 -1469
1217 -919 -1469
1216 -913 -1478
1211 -916 -1489
1211 -916 -1479
1210 -911 -1491
1209 -906 -1482
1204 -901 -1494
1187 -895 -1513
1179 -890 -1514
1169 -884 -1522
1166 -877 -1531
1140 -857 -1556
1126 -850 -1575
1110 -836 -1579
1092 -824 -1594
1061 -803 -1611
1046 -793 -1618
1030 -784 -1650
1009 -773 -1640
973 -754 -1642
946 -740 -1654
919 -728 -1636
903 -709 -1654
861 -672 -1647
835 -658 -1648
818 -641 -1637
796 -623 -1636
755 -595 -1616
737 -582 -1604
725 -567 -1600
712 -555 -1597
685 -527 -1553
676 -511 -1538
662 -500 -1529
654 -491 -1510
637 -477 -1480
635 -469 -1461
628 -457 -1442
623 -446 -1428
625 -423 -1403
627 -412 -1378
622 -405 -1354
623 -400 -1343
625 -385 -1304
629 -383 -1295
630 -381 -1276
632 -378 -1268
634 -377 -1243
636 -376 -1225
640 -377 -1218
647 -377 -1200
649 -379 -1178
651 -389 -1167
651 -383 -1159
660 -387 -1126
668 -385 -1105
677 -391 -1096
685 -395 -1085
699 -396 -1053
703 -398 -1048
711 -403 -1039
713 -401 -1027
723 -410 -1014
733 -415 -1008
734 -423 -999
740 -430 -974
752 -437 -964
761 -436 -954
767 -434 -955
771 -439 -943
782 -453 -930
789 -450 -925
796 -449 -922
799 -447 -911
814 -448 -909
818 -453 -903
820 -453 -889
824 -459 -896
821 -450 -892
827 -442 -900
827 -446 -903
824 -441 -902
818 -436 -899
817 -434 -903
812 -438 -914
805 -436 -916
792 -437 -934
782 -433 -948
768 -430 -938
756 -428 -970
722 -429 -993
710 -435 -1016
693 -446 -1041
681 -457 -1061
658 -487 -1077
649 -502 -1100
645 -517 -1110
637 -536 -1118
632 -563 -1136
629 -572 -1143
627 -580 -1146
627 -591 -1155
618 -618 -1195
621 -632 -1198
623 -650 -1217
622 -666 -1225
627 -700 -1247
631 -718 -1260
637 -739 -1275
646 -755 -1290
665 -783 -1330
670 -795 -1340
682 -805 -1334
691 -819 -1348
709 -838 -1363
720 -844 -1380
731 -854 -1386
732 -854 -1400
749 -860 -1410
753 -867 -1425
763 -868 -1437
771 -868 -1446
781 -867 -1464
787 -866 -1469
790 -866 -1466
794 -866 -1472
801 -872 -1483
801 -868 -1488
804 -867 -1479
807 -866 -1488
798 -862 -1487
796 -857 -1489
792 -857 -1487
798 -856 -1491
787 -853 -1490
788 -846 -1486
781 -842 -1489
777 -837 -1495
758 -827 -1484
744 -819 -1473
736 -812 -1466
725 -806 -1463
707 -793 -1456
693 -787 -1440
683 -775 -1433
659 -758 -1405
654 -753 -1383
645 -742 -1359
641 -731 -1345
624 -704 -1314
624 -697 -1296
618 -690 -1268
618 -686 -1246
618 -666 -1216
621 -654 -1195
625 -646 -1170
633 -641 -1157
642 -632 -1119
653 -620 -1093
661 -608 -1070
671 -598 -1048
695 -585 -1011
708 -577 -999
716 -566 -980
732 -560 -974
753 -549 -945
773 -544 -931
790 -539 -910
813 -532 -895
851 -531 -870
869 -526 -876
890 -526 -857
900 -522 -848
948 -517 -820
968 -509 -819
981 -513 -814
1005 -506 -814
1038 -513 -798
1058 -513 -797
1075 -518 -796
1092 -521 -802
1130 -526 -793
1141 -528 -792
1163 -532 -795
1177 -534 -789
1212 -541 -790
1225 -542 -791
1238 -544 -794
1253 -547 -797
1285 -553 -810
1300 -555 -816
1321 -557 -814
1331 -561 -828
1356 -562 -846
1367 -569 -857
1376 -567 -852
1393 -577 -859
1406 -584 -882
1411 -586 -880
1416 -587 -882
1421 -592 -885
1424 -597 -898
1427 -605 -883
1431 -606 -897
1434 -607 -899
1437 -610 -892
1438 -613 -905
1434 -611 -897
1437 -613 -892
1432 -615 -896
1433 -613 -889
1432 -617 -885
1425 -619 -906
1418 -610 -887
1416 -611 -870
1414 -611 -876
1400 -611 -867
1380 -604 -855
1367 -602 -846
1357 -598 -842
1346 -597 -823
1325 -599 -825
1314 -595 -826
1302 -600 -809
1289 -596 -803
1274 -604 -798
1267 -605 -804
1266 -607 -810
1275 -610 -812
1278 -611 -805
1280 -611 -793
1282 -614 -806
1291 -612 -799
1305 -615 -818
1315 -611 -827
1327 -614 -818
1338 -613 -822
1356 -613 -826
1365 -613 -842
1375 -611 -851
1391 -610 -843
1394 -609 -858
1400 -613 -858
1405 -613 -861
1411 -612 -875
1419 -617 -876
1421 -617 -880
1427 -617 -877
1433 -621 -875
1436 -625 -877
1443 -626 -893
1445 -631 -892
1452 -633 -907
1450 -635 -902
1452 -626 -907
1453 -628 -901
1457 -636 -894
1454 -634 -905
1457 -635 -911
1452 -633 -899
1450 -630 -902
1442 -629 -887
1433 -625 -879
1432 -620 -884
1417 -618 -870
1404 -612 -862
1393 -610 -856
1377 -605 -846
1342 -593 -816
1326 -582 -808
1302 -570 -808
1288 -560 -804
1238 -539 -791
1215 -526 -789
1192 -512 -787
1162 -498 -781
1085 -464 -806
1053 -454 -804
1016 -444 -814
984 -438 -826
925 -428 -850
903 -417 -858
875 -424 -873
857 -424 -891
816 -434 -902
796 -438 -919
777 -445 -931
767 -448 -953
737 -448 -986
727 -452 -985
717 -458 -1006
708 -460 -1014
693 -458 -1032
687 -453 -1034
682 -449 -1054
676 -452 -1064
662 -450 -1095
653 -451 -1120
640 -455 -1151
631 -458 -1156
616 -462 -1214
613 -460 -1247
607 -463 -1276
608 -462 -1295
606 -454 -1335
608 -456 -1357
604 -464 -1373
613 -472 -1401
630 -513 -1450
634 -524 -1466
647 -530 -1488
655 -535 -1503
676 -539 -1543
686 -539 -1544
688 -544 -1551
699 -552 -1575
718 -563 -1590
735 -574 -1591
749 -577 -1614
757 -577 -1618
784 -582 -1628
802 -587 -1644
817 -596 -1652
825 -608 -1665
860 -632 -1668
875 -643 -1668
889 -655 -1665
909 -668 -1668
951 -680 -1668
970 -686 -1672
997 -695 -1671
1013 -706 -1674
1052 -724 -1670
1064 -735 -1657
1082 -739 -1656
1111 -751 -1647
1121 -755 -1634
1140 -766 -1633
1158 -768 -1610
1196 -786 -1595
1214 -799 -1578
1229 -805 -1571
1242 -812 -1567
1266 -825 -1531
1276 -825 -1528
1286 -831 -1518
1296 -842 -1508
1310 -852 -1475
1317 -863 -1465
1332 -869 -1444
1336 -874 -1430
1346 -882 -1414
1361 -884 -1386
1372 -889 -1377
1376 -884 -1359
1400 -872 -1333
1406 -875 -1321
1415 -869 -1307
1419 -870 -1301
1435 -865 -1271
1440 -861 -1262
1443 -852 -1249
1446 -856 -1244
1458 -845 -1206
1454 -848 -1205
1457 -842 -1191
1465 -846 -1183
1463 -834 -1162
1466 -837 -1158
1469 -836 -1157
1472 -833 -1136
1467 -829 -1123
1467 -825 -1117
1469 -824 -1123
1470 -816 -1095
1471 -814 -1089
1474 -810 -1083
1471 -806 -1068
1469 -797 -1060
1471 -791 -1040
1470 -781 -1028
1471 -781 -1029
1471 -783 -1026
1467 -782 -1017
1467 -778 -1022
1466 -774 -1011
1466 -774 -1019
1466 -767 -1019
1472 -767 -1013
1466 -758 -1013
1467 -754 -1012
1465 -744 -1002
1470 -742 -1000
1465 -741 -993
1464 -742 -994
1467 -739 -1001
1469 -739 -994
1466 -740 -991
1469 -747 -989
1474 -751 -999
1478 -751 -1006
1480 -758 -1015
1475 -759 -1026
1481 -769 -1031
1478 -778 -1037
1475 -782 -1052
1476 -786 -1066
1477 -803 -1092
1479 -811 -1102
1474 -817 -1124
1472 -830 -1137
1458 -846 -1187
1455 -845 -1187
1454 -857 -1223
1449 -862 -1222
1432 -871 -1263
1423 -885 -1278
1405 -894 -1301
1392 -899 -1309
1366 -911 -1344
1356 -912 -1351
1347 -912 -1365
1336 -910 -1378
1316 -910 -1392
1310 -912 -1426
1296 -910 -1432
1284 -909 -1450
1256 -905 -1471
1238 -899 -1473
1223 -901 -1494
1199 -892 -1508
1190 -890 -1527
1175 -884 -1540
1165 -881 -1531
1144 -878 -1554
1129 -872 -1555
1112 -868 -1565
1103 -858 -1570
1076 -849 -1592
1066 -839 -1583
1048 -831 -1611
1043 -819 -1618
1023 -798 -1641
1015 -785 -1644
1004 -772 -1657
999 -762 -1659
986 -733 -1685
980 -720 -1686
975 -707 -1689
968 -688 -1692
966 -648 -1711
963 -632 -1712
965 -612 -1708
963 -594 -1710
965 -554 -1723
965 -535 -1716
965 -514 -1715
965 -489 -1714
967 -449 -1690
973 -429 -1685
974 -409 -1697
982 -390 -1679
987 -361 -1670
985 -340 -1658
986 -334 -1665
987 -325 -1640
985 -292 -1639
984 -281 -1623
987 -265 -1600
996 -256 -1592
1005 -228 -1561
1007 -216 -1561
1016 -201 -1536
1021 -188 -1514
1029 -163 -1472
1034 -155 -1451
1040 -145 -1430
1041 -140 -1409
1039 -128 -1385
1045 -127 -1376
1045 -121 -1367
1041 -117 -1344
1043 -115 -1297
1038 -112 -1276
1040 -112 -1275
1036 -111 -1249
1035 -117 -1222
1036 -118 -1204
1043 -119 -1185
1046 -126 -1174
1051 -135 -1145
1053 -137 -1142
1055 -143 -1120
1050 -143 -1095
1056 -156 -1082
1060 -161 -1067
1058 -169 -1052
1058 -171 -1042
1065 -184 -1027
1068 -192 -1009
1070 -193 -1017
1065 -201 -997
1073 -215 -982
1073 -222 -963
1077 -232 -949
1075 -241 -946
1074 -258 -924
1077 -265 -925
1080 -268 -904
1082 -275 -905
1087 -296 -893
1090 -304 -887
1096 -315 -879
1090 -326 -878
1091 -349 -865
1093 -358 -844
1093 -365 -857
1100 -369 -844
1099 -384 -820
1105 -392 -838
1112 -394 -811
1119 -412 -818
1128 -422 -806
1132 -428 -807
1137 -441 -815
1150 -462 -801
1154 -471 -803
1162 -485 -795
1175 -496 -795
1195 -512 -795
1199 -516 -799
1205 -527 -808
1212 -536 -801
1235 -557 -793
1246 -568 -796
1257 -581 -796
1260 -582 -799
1273 -593 -808
1283 -598 -810
1286 -599 -815
1291 -602 -808
1297 -608 -808
1306 -612 -826
1307 -612 -819
1317 -616 -811
1320 -623 -816
1327 -629 -834
1331 -632 -835
1328 -634 -830
1337 -640 -833
1351 -646 -851
1354 -649 -851
1356 -647 -846
1363 -653 -848
1368 -660 -850
1372 -659 -847
1372 -663 -857
1371 -658 -865
1372 -658 -856
1370 -659 -861
1373 -658 -865
1373 -657 -855
1373 -653 -855
1375 -651 -854
1372 -647 -862
1370 -635 -856
1365 -630 -846
1360 -625 -855
1358 -622 -845
1353 -620 -841
1353 -622 -846
1351 -621 -831
1351 -614 -836
1336 -607 -835
1333 -605 -837
1330 -605 -835
1328 -602 -828
1321 -592 -830
1315 -588 -826
1307 -580 -833
1303 -573 -813
1293 -556 -819
1289 -543 -818
1289 -531 -812
1279 -516 -821
1276 -502 -826
1271 -493 -818
1269 -489 -824
1265 -486 -822
1256 -477 -838
1257 -470 -824
1250 -458 -825
1249 -452 -822
1252 -437 -822
1257 -430 -836
1261 -427 -842
1262 -415 -848
1256 -403 -850
1251 -395 -867
1248 -384 -857
1245 -374 -865
1253 -355 -874
1252 -343 -882
1257 -337 -898
1257 -321 -908
1255 -298 -921
1244 -289 -935
1240 -273 -944
1245 -265 -958
1245 -245 -997
1246 -242 -1001
1251 -241 -1026
1253 -230 -1032
1257 -216 -1080
1259 -217 -1091
1258 -209 -1111
1249 -203 -1149
1250 -196 -1163
1248 -194 -1170
1242 -195 -1186
1236 -192 -1214
1238 -189 -1228
1229 -190 -1249
1228 -189 -1274
1217 -188 -1301
1216 -189 -1311
1207 -188 -1318
1201 -191 -1335
1203 -196 -1341
1195 -195 -1344
1193 -199 -1360
1185 -197 -1367
1177 -191 -1389
1175 -197 -1407
1161 -196 -1414
1158 -197 -1421
1144 -198 -1430
1134 -199 -1441
1131 -195 -1432
1116 -194 -1457
1098 -193 -1458
1084 -193 -1464
1070 -194 -1478
1056 -198 -1482
1026 -201 -1504
1013 -208 -1516
999 -215 -1513
987 -220 -1525
965 -228 -1527
954 -231 -1542
935 -234 -1540
919 -233 -1537
883 -243 -1533
865 -249 -1535
851 -253 -1538
835 -264 -1544
806 -273 -1524
792 -282 -1526
781 -285 -1518
763 -295 -1516
732 -310 -1510
724 -324 -1484
707 -332 -1482
693 -340 -1478
675 -365 -1458
661 -379 -1461
656 -389 -1458
651 -399 -1454
633 -419 -1423
627 -429 -1426
619 -440 -1417
619 -448 -1410
605 -470 -1392
607 -477 -1403
603 -484 -1386
604 -494 -1389
593 -510 -1363
595 -529 -1362
592 -541 -1367
590 -550 -1351
588 -564 -1349
585 -571 -1345
583 -578 -1330
588 -583 -1321
592 -603 -1301
589 -609 -1289
592 -615 -1273
595 -627 -1268
604 -644 -1233
606 -651 -1223
617 -659 -1207
621 -664 -1183
633 -674 -1156
632 -673 -1151
637 -683 -1151
641 -679 -1125
646 -684 -1138
642 -685 -1129
641 -686 -1123
639 -682 -1139
641 -682 -1131
642 -680 -1130
638 -682 -1132
639 -678 -1144
642 -677 -1131
643 -676 -1127
645 -674 -1124
644 -673 -1128
646 -679 -1115
646 -675 -1113
646 -676 -1107
650 -672 -1100
653 -675 -1098
659 -674 -1087
660 -669 -1085
663 -658 -1083
665 -651 -1075
667 -655 -1070
672 -650 -1045
674 -644 -1034
677 -640 -1038
681 -645 -1041
684 -642 -1024
690 -636 -1013
697 -631 -1013
702 -624 -1012
703 -615 -997
721 -596 -980
735 -582 -959
752 -576 -950
768 -567 -923
804 -551 -894
818 -544 -881
828 -538 -882
850 -528 -869
886 -510 -848
913 -504 -834
932 -494 -825
961 -494 -826
999 -487 -819
1024 -484 -811
1036 -480 -811
1049 -483 -797
1075 -470 -802
1098 -465 -799
1110 -458 -808
1129 -456 -807
1158 -453 -801
1168 -449 -804
1171 -452 -803
1173 -449 -816
1179 -444 -810
1185 -444 -810
1194 -448 -818
1199 -444 -819
1213 -455 -827
1212 -450 -813
1213 -452 -829
1218 -450 -824
1222 -460 -820
1226 -461 -816
1222 -459 -817
1218 -462 -816
1218 -458 -825
1210 -460 -819
1210 -461 -816
1201 -467 -811
1197 -472 -818
1198 -481 -806
1198 -482 -806
1198 -489 -804
1198 -499 -797
1200 -508 -801
1198 -516 -787
1204 -524 -800
1214 -548 -793
1229 -560 -797
1234 -569 -806
1245 -582 -802
1250 -605 -810
1258 -612 -802
1254 -621 -799
1255 -631 -804
1262 -646 -801
1264 -656 -808
1268 -666 -803
1276 -675 -803
1274 -694 -814
1278 -701 -817
1280 -708 -811
1277 -714 -814
1275 -728 -822
1275 -739 -822
1275 -746 -829
1274 -760 -837
1283 -780 -852
1280 -789 -847
1286 -796 -859
1284 -806 -866
1287 -827 -880
1282 -832 -878
1280 -842 -888
1284 -855 -902
1276 -874 -921
1273 -881 -912
1266 -886 -917
1262 -896 -918
1257 -903 -923
1246 -907 -932
1243 -905 -939
1242 -914 -947
1237 -917 -953
1238 -926 -971
1238 -928 -977
1227 -930 -979
1230 -938 -971
1233 -938 -972
1232 -940 -971
1230 -938 -958
1231 -928 -959
1234 -920 -947
1240 -915 -944
1248 -910 -921
1253 -896 -918
1265 -889 -896
1274 -875 -890
1287 -841 -873
1289 -828 -861
1305 -807 -854
1303 -791 -848
1311 -758 -836
1320 -742 -832
1319 -720 -833
1321 -704 -831
1326 -667 -825
1330 -652 -814
1329 -635 -817
1333 -615 -822
1332 -583 -819
1329 -568 -815
1331 -555 -822
1329 -536 -830
1324 -505 -823
1320 -485 -832
1314 -471 -825
1311 -455 -835
1294 -423 -837
1281 -410 -854
1278 -392 -847
1270 -373 -859
1245 -333 -884
1238 -318 -894
1232 -302 -896
1222 -290 -906
1204 -268 -928
1201 -257 -942
1194 -244 -956
1190 -235 -961
1160 -211 -992
1150 -203 -999
1143 -192 -1010
1135 -184 -1018
1116 -173 -1055
1109 -170 -1066
1100 -165 -1073
1089 -162 -1075
1070 -160 -1113
1063 -161 -1122
1053 -159 -1134
1046 -155 -1145
1028 -157 -1155
1019 -156 -1171
1009 -156 -1176
1000 -157 -1198
987 -158 -1216
980 -158 -1219
978 -163 -1230
970 -160 -1243
961 -168 -1247
962 -170 -1256
954 -168 -1267
951 -171 -1273
939 -169 -1275
941 -162 -1292
938 -168 -1280
936 -172 -1297
934 -170 -1297
932 -172 -1294
929 -171 -1290
933 -166 -1294
935 -172 -1288
936 -173 -1292
938 -176 -1287
944 -175 -1287
949 -175 -1281
949 -174 -1283
952 -173 -1265
958 -172 -1254
968 -172 -1258
966 -171 -1254
969 -167 -1237
971 -163 -1235
978 -162 -1220
982 -163 -1219
978 -162 -1205
979 -158 -1190
980 -159 -1199
982 -158 -1180
983 -161 -1179
983 -161 -1172
984 -156 -1159
983 -156 -1146
986 -157 -1145
992 -159 -1122
990 -157 -1113
991 -155 -1103
999 -155 -1097
1003 -161 -1080
999 -162 -1067
1001 -164 -1058
1006 -164 -1052
1004 -171 -1035
1001 -176 -1028
1002 -181 -1024
999 -184 -1011
1004 -199 -987
1006 -204 -976
1012 -214 -956
1014 -221 -949
1020 -242 -920
1023 -259 -903
1024 -264 -897
1027 -280 -891
1028 -307 -857
1030 -327 -848
1028 -340 -840
1027 -353 -832
